66678266000104
03382024000140
05058078000180
01797373000106
03548747000177
03620641000137
03642403000122
00393795000145
05510129000163
05524940000101
00580987000160
05652457000102
02435100000176
04145926000126
04227779000133
04261059000194
02603818000124
04449991000145
73475782000199
74474248000120
64779853000156
65955742000116
67144998000179
72406689000160
07419651000160
07467259000196
43195528000176
05117682000130
18261750000182
02903131000104
59674275000153
07803387000163
01018917000186
36759231000120
08278767000199
08707814000172
08791283000149
08872854000170
09102198000199
09488145000158
09604022000135
10842184000190
11040265000130
11093693000120
20299185000194
11489822000102
11501827000103
11717138000122
12376784000136
20342548000127
13176083000116
13797910000199
09467738000138
14141391000179
14235106000189
14438712000100
14682841000130
14751108000120
14908098000194
15268889000160
09238729000175
09303606000170
20445424000177
20451086000186
15788416000193
16623149000167
08157310000126
09308595000111
16991860000174
17214129000103
17441294000190
17461145000192
18183816000163
10312457000195
12823705000198
14072560000166
14143244000138
18605607000160
18671406000161
18722648000137
18927219000104
18975890000112
19254662000116
19393612000110
19685333000120
19771158000193
19793757000108
20063446000172
20094586000108
20772848000146
20810241000103
20900412000195
21988484000107
22636123000156
22605510000125
23039215000111
23162615000110
23465376000177
23551657000142
23707498000122
23826486000117
23984737000191
24145279000160
24175097000131
24848828000162
24873017000111
25108842000192
21872090000180
20307313000102
18915084000159
15513276000140
25140414000147
17927652000179
19517264000145
17348218000134
17453646000127
09635727000110
13955089000191
12745971000140
19703555000128
12800234000100
17403021000150
08191048000136
09359214000123
26415253000110
26471126000138
26931491000188
27348245000160
27368328000111
27462697000179
27749396000120
27857647000190
27915683000163
28017215000134
28331658000103
29027743000137
29360692000160
29508184000187
29562739000179
29654195000175
29727654000101
30349563000150
30436550000119
30449530000182
30570755000192
30843746000128
30852182000190
31001009000140
22055662000282
28188148000110
31476487000107
31827988000190
32138511000160
32150337000171
32219582000198
32468255000170
32588411000136
32668938000170
32676822000183
32804777000103
33203501000124
33495428000101
33862231000163
33910550000105
34325952000105
34908463000178
35307161000107
35364294000115
35629576000105
35653935000151
35766762000188
35155849000119
36334624000192
37020306000110
37064753000170
37229959000103
37321967000185
37690535000141
13898227000229
34303832000107
38226224000199
39326876000168
39381527000149
39487126000178
39666836000165
39580347000196
39730907000141
40071850000103
33921755000269
27785801000166
27434713000110
40384930000100
40440377000186
41066256000189
41240852000133
41552314000184
41700153000129
41727919000169
30711508000169
41859055000139
34334697000159
42017621000128
42238917000179
42249694000145
37534787000181
42455922000133
29259149000171
42935835000183
43160045000136
43235524000174
43508173000128
43691192000132
28503055000133
35394430000110
30057777000153
40416113000197
31086881000139
36711550000166
44023461000155
44307987000167
44785214000196
44806526000139
44832621000107
44925202000110
44959093000151
45236885000160
44553670000100
46054950000108
46075515000151
46145334000154
46297752000167
46362578000199
46389890000176
46523671000138
46871343000122
47223976000197
47592642000190
47810753000126
47865544000180
48115462000180
48306493000119
48509276000126
48707775000128
48726809000121
48729306000100
48830485000177
48871063000140
48939865000144
48999793000120
49467180000105
49757708000180
50054156000123
50090715000150
50566073000113
50422280000102
51070573000122
51279403000152
46152918000157
51057142000126
51374557000123
51528899000150
51783730000147
51788162000177
52193529000172
52388411000108
52524046000103
52748907000137
52814999000106
53042833000181
53074199000169
53208592000106
53262437000160
53444937000112
53802510000149
53898349000159
53916828000150
53958167000126
54323834000167
54348166000122
54395638000106
54477841000113
54670305000130
54797028000120
54805556000184
54849685000174
54864499000104
55039666000145
55476504000174
55729697000128
56005669000120
56099493000113
56908308000194
57045835000185
57197233000143
57220645000157
57222736000121
57329554000154
57333950000155
52830273000167
54965334000129
57587383000163
57656375000121
57700826000180
57927893000132
58275190000130
58351658000128
58377444000120
58379995000123
58453124000102
58561615000177
58693283000184
58846560000141
59086316000190
59208498000125
59214744000151
59449995000115
59597566000195
60046715000107
60211162000109
60237754000191
60574414000156
60974525000150
61117847000145
02907901000600
61570443000102
61766835000141
53821170000101
62068774000101
62235884000110
62672315000132
62728371000141
62875310000107
63168516000160
63276514000194
63353583000154
63722241000164
63740009000159
63821600000130
64021971000109
64807386000120
65278444000139
65287167000120
65341574000179
65350764000152
65778820000154
65816524000109
66227401000197
66253927000141
66322353000116
66405065000125
66459014000186
66463664000103
66677674000133
01994968000143
02038595000108
05676364000100
04134053000156
02552384000180
06056928000174
02767617000162
06191904000128
06195137000125
02984312000102
01424420000168
04831968000110
07099306000196
04930566000173
03281786000150
71244354000120
07719950000110
40603110000162
04207821000154
73841280000134
03292983000175
05007546000198
02710247000127
03849182000168
67707190000152
08374793000110
08646822000156
08794081000150
08952184000100
08999358000181
09310451000108
09378196000127
10437730000108
10992050000156
11083324000157
11144492000105
11311325000101
11332879000195
08936442000156
12282684000140
08436519000129
13166534000134
13978584000116
13987058000112
14333210000106
14451126000197
20412774000137
14755452000198
15315939000112
12564329000164
12778149000185
13328938000187
14775443000169
15552801000137
16616083000188
17113530000149
17456341000179
17556596000103
17893775000136
18225975000183
18275574000138
09399624000106
19035177000151
19361471000153
19541611000175
19579649000137
19629188000160
19842829000160
19925472000183
20716665000103
21045241000127
21181907000174
16559075000147
21462359000150
21540834000160
21669343000113
21809763000158
21879871000105
21948854000174
22546593000129
22625624000137
22840834000148
22924223000188
20103709000120
24714429000109
24874631000106
24949355000190
17692943000125
24735358000120
13841205000141
21363089000120
25021090000128
14761867000174
15325100000165
22490323000143
18225902000191
22577882000195
24304977000160
26288911000150
26545807000101
26692101000164
27095943000100
27128633000136
27272857000117
28156721000104
28287760000140
28720329000146
28781887000111
28941400000110
29350107000141
29435853000138
29743428000106
27669130000178
27067690000152
30340019000148
30500074000158
30609265000152
30698434000178
30786713000193
31296922000111
31507216000171
31707704000122
31728098000121
31773274000147
32078609000170
32651056000100
32766680000145
33088492000178
33521827000108
34161897000157
34909938000140
35087412000195
35118558000150
35162055000182
35336059000130
35701286000117
35895179000177
36170118000105
36394415000134
36737002000105
37348906000101
37741278000120
38001127000106
38059538000144
38450574000134
38461219000160
38654271000133
39229621000187
39240339000109
39331739000111
39333039000166
39357202000120
39855873000111
40117732000180
40282512000102
41140098000160
41200043000106
41397023000169
41449198000172
26711149000172
41618119000100
41944981000102
42145820000111
42620778000143
43056491000103
35852899000155
43761300000104
28491692000137
29087759000135
38193043000103
36676172000127
39725864000106
43971494000164
44050277000102
44197736000177
44257765000187
44302885000159
44446628000190
44653025000160
44841145000190
44985763000104
45158287000110
45312134000186
45647350000182
45959499000105
46009129000161
46185495000171
46222900000184
46282246000102
46637660000189
34001006000367
47033668000107
47136326000104
39921988000248
28690350000227
48606146000101
48730236000100
48805660000176
49140580000101
49214496000195
49243162000140
49304599000146
49317461000181
49458149000108
49479022000175
49516398000102
49931054000160
49935789000161
50163057000180
50519850000179
50617401000163
51539105000154
51094034000204
51602173000110
51655966000106
51778857000178
52126433000191
19125361000273
53377306000128
53466456000108
53481042000158
53572658000134
53627841000190
54100505000157
54347411000187
53997420000150
54636663000126
54642165000196
54681475000110
54789949000141
54862406000102
55195615000102
55232745000178
55715324000106
56174732000152
56257933000113
56969618000119
57009285000149
57175557000180
57331744000106
57424898000142
57524875000100
58002405000149
58408611000153
58493276000139
51359005000146
59185191000156
59222392000186
59352635000109
59666780000156
59795383000184
59952227000180
59974700000120
59975264000103
60620799000140
60624548000134
60967820000189
60977265000176
61069461000105
61258694000156
61285542000142
61383181000177
61456719000126
61466077000146
54602559000110
61925734000176
44353439000173
10436813000263
61993411000110
62048999000104
62078054000127
62106211000160
62311538000174
62363642000102
62398432000150
62921219000180
55477406000232
63077495000177
63289713000137
63428336000170
63428423000127
63490967000119
63547912000106
63606208000179
63640802000186
63699699000140
63032606000129
63568792000115
63918294000155
64115303000132
64248407000115
64318143000129
64345696000170
64635403000190
64682815000180
64709825000162
64267558000110
65191829000164
65361918000101
65463353000173
65524948000191
66014445000139
66057925000187
66109898000149
66322333000145
66645062000169
00240103000129
00271022000196
97292775000110
05378647000175
03904390000112
03978014000172
03995132000199
02303525000121
05889868000108
05908337000115
05950187000108
05990175000107
06018688000113
02867205000102
03071647000100
03091655000100
07271413000150
07336162000144
04764410000160
02478251000101
01520917000180
00221339000118
02353560000155
03212451000180
07365814000179
07733039000167
05724949000158
01394872000144
06894682000100
08513026000145
08666688000155
09020484000105
09056878000113
09102408000149
09149685000107
09183007000160
09204110000140
09312980000132
09602775000101
10283960000160
20268666000132
10634931000103
10694700000187
10866240000127
10917735000138
11312806000131
11485201000142
11733766000100
11847208000167
12211133000196
13193268000139
13257627000174
13820343000144
14627250000160
14800912000152
14937291000153
09131730000104
10203493000110
20444747000146
15527527000146
15594020000105
15633929000125
16417209000195
16499091000191
08264781000133
16825351000171
17222945000150
17265843000112
17581007000147
17838051000190
18393631000183
18517215000140
18530694000134
18887191000110
19063423000189
19443160000133
19778306000100
13390129000103
20969145000102
21170236000146
21296530000107
21673491000101
22109206000197
22226347000190
23172841000181
11800926000188
23658856000154
23661324000176
23688706000193
21685018000144
24323697000108
24627271000130
24835253000143
14165958000147
13716214000100
19355097000183
13398379000181
24894424000105
21873225000122
08972462000182
21584948000101
22074643000112
17989000000169
14742015000130
15289728000152
20137697000154
23753328000184
24538346000106
10424038000145
24743083000177
17991773000180
26600156000105
26763583000104
26889800000107
27023303000186
27125864000196
27314721000122
27437286000123
27462250000108
27556252000158
27782930000109
27059015000181
28513807000147
28723478000169
28750646000105
29688356000141
29754131000146
31026109000121
31203379000160
31227470000116
31258747000178
31355275000171
31480100000196
31679666000141
32014096000133
32224130000102
32275829000193
32959880000114
33089110000120
33497709000101
33754519000114
34126280000109
34551161000195
34674533000170
35183456000119
35824696000155
36173590000100
36286765000187
36527316000183
36538710000117
36940941000152
37259253000194
28433582000119
37655325000112
37834604000143
37889306000150
38048267000121
38452952000119
39297384000191
39584052000198
32481041000214
39762719000103
40089134000145
40206031000118
40333295000132
40522444000101
41056867000146
41280443000160
41768449000181
07415653000423
26354820000175
37992469000164
29625088000119
42039854000121
42132009000104
42192531000173
42204621000137
42229890000158
42277164000100
42344049000101
42461717000180
42532068000161
42896434000161
43060098000185
43218217000185
43288894000170
43309049000133
43623036000134
43773669000129
33705428000199
41078553000144
26542066000105
42592582000192
26765813000166
29565243000159
35829170000168
40395420000139
35014426000189
38090656000115
36016973000166
33113681000153
44162894000191
44194932000198
44337659000103
44508134000193
44970445000170
44979810000107
45060260000190
45101415000190
45206917000185
45314856000170
45434850000136
45544075000171
45647459000110
45701486000123
45744183000198
45766919000129
45874579000150
45620884000115
46024077000100
45926418000162
46843758000192
46867345000148
46901293000189
47128022000103
47182200000176
47455581000110
47660483000114
47997165000143
48277366000139
48687372000164
48863819000109
49073379000159
49293403000165
49297652000129
49886857000140
49906459000148
49909739000100
49957695000193
50446396000173
50467707000180
50483686000197
50506291000162
50746038000186
51021175000116
51071524000104
51094034000123
51221993000162
51225190000186
51469659000122
51484547000140
52070258000168
52298914000184
52311410000157
52955661000174
53780699000116
54121455000194
54181215000185
54208157000136
54367935000130
54433722000169
54510570000150
54637286000140
54659999000104
54663769000119
54738386000162
54758585000132
54785212000150
54795625000116
54987076000181
55245511000165
55252978000132
55322687000173
55500364000122
55141175000100
55907116000109
56037679000148
56174088000112
58619131002347
57280435000154
57333519000109
57418005000156
57462482000119
57691771000190
57799376000125
57826485000194
57852727000114
57878771000101
57925365000144
58013404000108
09422154000227
58481809000162
58528135000104
58554980000154
58733364000160
58909280000135
59302956000190
59387176000190
59693438000145
59842420000168
60279009000105
60338907000197
60339895000115
60533274000178
60684781000102
61079481000167
61174873000105
61221547000101
02907901000359
61288696000198
61689078000150
61942771000192
48760662000196
46756948000253
55477406000151
61968955000121
62008881000144
62188239000194
62212621000196
62399644000151
62613736000192
62668630000196
63373685000131
63412465000170
63573244000183
64003010000163
64058375000195
64103543000117
64204005000119
65343327000101
65736915000105
65938766000167
66093481000135
66134490000127
66375212000161
66494591000109
05026608000109
00112244000166
93771061000133
01965487000100
03670689000150
04006386000108
05778115000125
05847246000117
04405816000156
37094588000108
01290515000136
01456975000191
03215031000158
25223892000110
28836575000168
34946905000170
07454219000100
07673758000130
26409615000160
38562385000153
70177662000117
00448867000104
03821624000168
06061580000103
04776228000129
16485963000162
40297517000109
03360382000152
08012951000192
01365278000125
06047231000137
03879128000165
08462281000106
08580808000105
08746373000118
08977543000175
20228414000180
09106977000162
09296494000178
20246156000164
09686762000168
10420066000194
10561797000150
10683862000110
10800897000191
20288787000146
11031311000134
11106727000174
11116079000137
11225859000115
11392945000112
11506311000143
11910129000153
11988696000122
12423023000198
12544693000162
11121395000105
13073047000127
13615715000109
13623621000173
13631644000120
14239882000157
14489838000103
14661872000105
15225134000188
11896282000173
14086535000131
14146473000106
15464751000136
15547446000108
15629878000168
16642774000156
17060057000189
17385629000108
18151794000150
08961769000188
08999177000155
10644189000109
16621929000178
16741722000137
16916295000180
17707404000112
18487315000170
18626004000145
18895487000183
19206102000196
19777822000101
19849441000190
20041988000144
20493773000164
20871582000199
20896646000106
20984741000161
03010937000306
21069632000181
21169239000160
21666150000109
21682673000149
21905408000182
21924759000130
22237422000118
22497974000165
22745546000104
22802056000100
23928291000188
23945005000192
22382539000195
24215317000103
24341709000119
24654233000176
23836342000141
25151688000131
25254444000184
25390326000101
25465413000172
14595982000116
17214517000186
19737505000161
11054534000117
11683248000110
23671500000150
17287403000166
22100053000117
11895132000145
08241727000172
21275179000160
24538667000100
19641875000109
09529618000118
18701610000188
11562716000107
14620201000104
15087825000162
09497984000213
26250074000170
26716251000160
26859412000175
27233468000182
27827718000102
28529987000155
28551311000168
28665204000160
28862743000190
29296991000183
29783758000125
29853214000192
29867403000114
30092674000124
30153612000185
30522950000147
31080728000102
31700167000199
31863650000194
31945125000118
32076847000146
31919573000147
32342228000156
32690045000121
33183999000100
33486302000170
33328481000118
33859904000126
34028441000113
34100794000187
34199213000106
34411796000197
35016870000133
35138201000134
35249008000170
35290354000100
35339874000152
35431561000120
35465338000101
35424132000125
35699449000174
35951553000104
36183716000119
36367172000145
36448972000190
36731553000161
36926625000126
37001012000140
37176841000164
37405942000160
37552810000160
37720192000110
36504830000101
37194864000282
38483041000159
38924392000158
39345716000166
39362627000128
39432171000125
39844775000189
40447408000120
25993529000184
40589785000102
28067939000192
41250094000134
41550824000112
41650295000129
41697412000100
28030433000109
28079946000104
27329371000178
42133088000160
28290974000176
42506821000144
42655565000157
42740501000154
42598899000217
42968427000128
43081848000103
43332254000110
43435324000165
43498779000120
43739063000177
40445780000106
29791189000160
41142687000187
27263575000153
40459972000163
39538658000197
43287160000176
29696502000180
42452892000101
44069070000171
44391044000165
44570319000128
44608355000133
44643010000110
44664230000120
45540708000173
45687664000109
45821146000136
46272610000145
46440250000143
46608696000134
46698474000150
46728419000165
46836400000132
46851825000110
46918632000130
47095297000180
47658378000140
48117019000149
48416076000129
48700393000172
48706942000116
48715860000138
48879582000154
48903419000180
48962248000160
49423145000194
49770904000195
49804716000130
49858937000191
49972587000190
50034964000129
50396734000100
50459909000180
50792648000116
24707110000237
51136483000197
51356067000102
51729108000150
51732973000156
51745899000102
51753586000104
52068816000150
52088251000173
52330757000147
52512756000113
52953450000100
53058899000160
53071694000114
53190462000185
53260677000125
53588530000169
53713253000179
53729144000140
54182859000198
54291999000102
54321121000164
54510487000181
54594997000184
54770238000125
54860034000185
55207383000165
55246740000102
55680852000169
56969449000117
47077539000102
57448478000104
57639905000123
58004189000170
58305147000170
58151464000189
58542419000155
59060507000183
59069737000103
59093095000188
59215891000146
59333128000110
59534497000170
59794334000127
60102127000143
60105936000109
60110185000119
60139972000193
60353730000106
60773105000105
60842084000132
60851103000197
60952824000193
02907901000278
61268484000149
61272715000198
61275514000144
61417568000105
61602080000140
53544092000137
61890076000124
55990809000108
55023468000193
48287053000161
52004336000126
57156735000126
61971682000174
62141253000132
62188390000122
62223891000100
62256643000158
62767344000188
62853955000149
63016021000115
63096441000159
63111285000158
63176727000144
63380283000164
63480381000173
63563289000177
63641352000146
63743312000105
64039519000166
64148924000112
64768729000195
64798447000130
64923152000149
64962050000132
65036393000139
65794578000102
65905206000106
66081002000160
66360565000198
66645230000116
00008577000140
00523234000113
04530471000162
04632047000129
01280118000183
02944364000155
06970486000177
03181119000104
84535459000180
07553683000153
93607240000130
07941971000185
07990924000121
07012906000175
00646427000161
40566457000182
04508203000144
03400089000171
08284662000142
08831652000180
08857178000165
09422154000146
09551100000180
09656306000175
10332127000161
20257583000148
10190061000112
10615118000188
10735873000104
10799249000162
10876731000159
11090869000190
11165951000137
11257542000160
11942857000147
12108100000115
12115362000107
12417008000137
13157492000175
13577657000168
13627019000104
20394713000194
13334220000101
14297911000137
14432664000134
15253405000109
15287755000196
10841730000179
12157416000105
15503488000147
16366315000197
17437142000113
17692383000109
17733506000102
17754753000195
12721816000193
18442003000140
18486507000162
18775644000117
18938087000108
19235099000139
19405797000135
19524713000182
19557349000157
19933429000160
20130216000189
20589132000108
21121424000184
21625032000152
21941889000181
22264395000172
22356848000190
22722889000153
22941137000183
23285601000193
23347340000199
23351913000158
23253787000107
17952931000192
24597930000132
24940383000146
21928868000126
12598966000151
12134249000179
11855192000134
24197560000146
10172601000135
08486611000101
10847356000119
22370380000199
14886989000197
10190061000201
22579325000103
10739644000150
27039727000139
27100507000173
27805533000105
28366065000174
28473166000144
28531553000190
28747499000114
28950771000169
27611324000112
29333596000123
29634327000105
30129937000122
30194896000158
30785058000159
30790203000190
31286839000161
31673265000184
32118698000130
32270930000151
32296083000102
32648813000189
33318034000188
33494250000184
33589760000135
33645030000104
33667436000198
29566847000110
33789904000105
33967810000170
33442531000193
34164361000195
34216926000130
34355684000166
34609160000154
35199849000110
35605745000169
35825428000158
36192624000103
36445354000197
36881058000139
36996498000131
37102963000106
37190859000110
13156794000200
37379910000137
37454867000127
37787977000100
38265197000163
38304589000194
31171736000156
38926402000194
39597871000170
39767305000169
40295646000168
40313726000107
40344328000140
40990684000130
41133721000157
41307322000165
34735987000104
41418511000105
41882603000141
41949541000148
40500574000143
40793636000152
31055186000100
42134310000149
42506573000131
42601490000121
42750756000106
37538324000198
42838966000142
43068265000134
43143021000179
30861886000129
43671465000187
43690859000182
43698908000123
37871882000170
29306840000169
29649110000160
29629139000180
31541076000158
33473532000103
43668793000124
27486530000148
28250232000117
43862901000103
44198456000183
45528386000147
45654627000102
45954713000122
46082922000196
46147816000143
46255093000104
46731178000103
46883653000167
47024916000145
47080342000122
47284533000106
47372158000156
48091522000172
48236941000155
48561654000110
48957545000117
49081135000118
49287837000152
49456663000104
49685580000197
49804672000149
50070973000175
50119680000135
50894589000197
50904892000123
50978903000110
51023039000165
51065527000135
51502473000128
50743134000170
51586127000175
51639265000175
52032077000147
52170964000181
52337852000172
52393759000185
50509467000130
52869159000140
52962987000129
52990303000100
53032695000150
53120765000121
53158371000162
53287406000163
53360354000103
53363748000115
54012164000168
54139737000119
53854463000187
54235440000157
54378155000195
54399599000107
54861204000146
54875637000150
55157943000114
55280771000171
55309244000142
55320788000105
55333903000186
55462859000104
49631270000190
35014426000260
55847183000177
57247092000126
57372010000175
57490479000109
57649825000159
57723222000150
57961073000167
58023281000188
58151508000170
58171436000123
58229979000154
58379329000195
58834463000139
59142494000191
59169997000150
44837582000130
59283758000127
59428766000114
59879290000138
60287255000109
60624094000100
61040144000166
61062228000109
61065417000127
61330769000162
61374827000150
20891220000402
61706832000112
61736442000195
61802888000170
61896943000139
61565190000189
62295740000150
62348059000122
62362962000148
62668097000162
62688297000187
63412269000103
63517255000146
63574043000109
63805032000184
63947495000180
63950179000168
63966983000135
64033150000184
64261095000180
64327322000122
64347332000120
64446757000196
64516223000199
64795513000119
64863750000170
65112418000136
65362842000139
65813525000191
66278609000135
03347621000134
05006603000114
05018552000140
03384929000150
03965033000164
02919682000166
06910951000184
06928474000184
71653141000151
07650699000184
05018955000190
08015253000140
08088829000108
06083262000143
06788537000144
04823507000104
04872808000110
01727755000155
06789157000124
00245493000120
23567654000105
07826848000113
08462733000150
08632345000170
09062405000129
09191010000126
20237953000185
09437867000183
10335455000111
10496506000197
10767428000118
10905312000106
10968449000100
11018767000164
11057919000138
11457695000151
11498967000161
12133276000127
12149370000174
10980232000107
12831193000101
13090082000154
13467823000173
14310300000181
14960880000152
14978636000117
15023268000116
15166653000112
15168574000140
15243910000172
11925643000162
13173396000110
14684995000161
15376313000116
08183645000119
17074035000178
17204424000170
17318451000174
17358786000116
17557405000128
17820872000107
17934726000102
12149920000155
16801384000181
16554277000104
19646938000101
20883105000143
21105368000194
21684761000180
22062689000111
22450376000130
22654472000109
22800887000135
22864115000167
22905560000128
22987484000147
23209860000135
23407566000138
23503710000130
23859403000196
18137639000189
24795512000150
25137065000104
25168504000146
25682376000154
13293737000191
17315255000146
19125361000192
10656698000151
24382355000150
20451123000156
13126736000152
08362309000133
26177101000126
26720827000163
26756636000151
26774283000112
27277232000148
27840721000166
28905145000150
29016407000199
29027961000171
29102376000199
29235151000100
29528971000190
29758292000108
29774272000120
29788150000193
29829453000107
30011015000116
30288295000104
30432966000169
30653788000104
30929123000172
31517934000129
31861861000198
31938450000153
32320399000184
32637411000189
32858087000129
32965668000160
33027415000108
33243216000137
33870878000137
34072589000155
34211394000149
34309006000167
34581623000117
34621401000180
34817229000135
35047008000198
35247023000180
35311953000155
35518388000100
35991667000188
36067217000166
36067545000162
36191246000135
36337668000176
36403102000103
36441741000155
36734347000105
37135254000127
37458398000114
37485933000126
37213851000122
38402836000195
37397169000218
38659668000118
38782714000171
38829020000142
39712001000102
39781805000155
39898367000100
40477097000142
40883828000150
40906964000118
41016935000143
41512474000108
29492240000132
41731278000116
41808872000168
26628908000219
42043004000105
37331465000135
42816028000141
43297765000148
43478415000188
43684445000140
43732838000182
35935211000109
36124613000188
30177922000130
40810730000172
26051385000100
33997145000168
41948354000140
37367347000187
37566084000135
30953330000162
43967677000106
44050269000158
44295641000196
44868973000112
45385278000162
45413252000180
45463418000173
45559610000168
45839232000176
46078030000111
46236904000111
46332739000100
47224462000156
47250417000176
44385587000170
47854230000181
48033477000108
48472764000106
48724932000103
48763263000189
48785540000154
48813237000118
48816095000142
48904731000198
48939378000181
48969717000172
49036094000148
49276395000149
49312344000125
49421078000179
49561009000160
49621195000186
49658275000106
49819029000199
49886028000167
45237929000177
50118376000173
50143496000120
34973411000266
50566925000172
50836605000195
50870764000106
50919297000161
51009411000189
51133246000172
51202287000173
51268629000158
51498203000190
51517661000120
51977110000149
52012944000182
52127501000137
52194379000111
52306927000158
52337686000104
52546738000152
52752618000101
53012229000102
53060195000121
53415812000164
53537019000138
54045940000126
54073207000115
54087115000194
54133169000149
54843881000131
54858684000196
55163716000100
55224888000138
55246123000107
55718097000164
55950351000155
56053053000125
56225852000131
56226232000117
56949252000116
57154824000133
57174845000110
57266378000159
57426689000138
57476451000117
57615699000111
58048314000144
58187300000101
58491092000130
59341075000189
59376742000169
59382645000189
59434430000164
59500358000126
60078055000146
47693814000112
61282724000160
61905288000138
61930576000142
52355605000107
45523786000160
59264979000158
57749651000104
55357854000111
61962547000162
61995772000103
62051171000105
62223974000191
62471104000131
62517846000150
62590325000129
62794207000132
63247680000162
63417807000144
63479558000111
63706305000133
63837018000162
64014149000102
64139007000171
64401812000121
64432620000182
64448971000181
64569133000166
64790589000151
65047796000183
65103216000128
65369960000179
65370963000122
65387398000106
65777929000177
65835448000170
65871965000103
66005095000144
66244395000186
66394215000142
66496231000146
66527378000156
66678232000101
01826842000160
00447331000174
04297184000154
01153991000105
38056131000163
03059836000150
07061900000198
41113911000102
14406284000125
00127161000140
07486769000100
07890548000101
03008306000182
05577710000100
07346020000168
05843025000170
04227024000139
21861844000105
45188570000195
01851850000166
03917180000169
05868966000169
08329587000199
08633627000191
10308871000120
10455118000168
10254007000193
10606175000109
10634785000108
10686172000114
10840085000170
10901989000168
10929937000108
10938949000190
11362889000173
11483511000128
11827027000179
12946788000102
13045202000100
20365294000162
13380797000141
13863471000175
13952648000100
14053211000105
14758398000134
20432692000154
09212321000124
11908128000174
15517350000105
15764118000163
15788856000140
16640483000129
09044492000191
08254994000184
16887717000137
12999734000105
17251769000185
17300397000130
17712023000121
05726994000222
17956140000130
10685284000150
18398174000110
18571641000161
18828729000116
19374778000199
19726252000120
19723645000180
20496787000131
21084881000146
21667337000127
22043615000138
22219740000156
22311460000173
22825308000109
22923735000120
23063446000160
22612189000106
23455734000160
23610450000100
23843800000170
23947620000138
24252151000103
24314513000135
24707110000156
25257115000197
21754356000190
22567504000120
24072996000109
19389695000173
24608154000129
11609746000113
26070630000126
26079531000105
26128317000100
26450142000144
26628908000138
26798501000159
26896557000146
27358243000152
27702601000100
27707644000170
27721575000150
27753246000190
27791258000100
28019599000124
28102035000150
28390131000141
29485259000151
29564612000199
29793936000107
29833234000100
29887129000145
29937234000141
30178096000143
30321372000180
30349868000162
30393657000127
30703021000134
30926775000153
31457345000100
31603845000103
31737403000141
31772377000192
31862812000170
32522293000163
31941967000100
33182123000140
33253156000133
33363843000101
33397034000110
33594055000126
33720779000179
30543811000108
34552089000110
34844604000136
34955578000113
35395330000108
35456592000135
35722334000153
35868377000141
36261225000149
36706339000155
37075204000100
37336084000149
37516295000163
37817299000181
36276881000115
38125389000174
38393402000176
38479147000189
39151511000140
39434290000117
39580981000129
39616872000114
39759577000117
40160401000123
40341873000182
41019904000146
26304391000121
41109705000129
41396973000179
41506594000194
41636012000194
41835870000168
41840826000146
41903190000134
39341654000114
40603535000171
41263941000103
31433604000155
42070996000151
42355811000155
42885027000159
43161061000143
43298870000100
43682023000136
36484395000192
33630243000162
43871632000133
44463570000193
44518494000176
44654517000170
44818436000168
35229486000208
14514616000276
45557930000189
45616098000144
45663847000194
46082125000109
46255165000105
46322708000160
46543672000144
46624887000190
46791557000199
46854301000183
47018092000109
47054131000115
47210382000141
47475672000117
48141447000107
48213206000126
48372737000161
48848163000155
48895565000100
49048958000141
49057659000173
49064658000156
49451841000104
49516328000154
49555520000150
49774154000120
50312906000110
50511766000109
50537181000168
50673455000146
50922974000109
50960441000103
50995714000155
51225161000114
51242928000113
51664029000109
51706665000156
51780691000124
51918866000117
52175297000120
52723641000178
52872643000129
53013706000154
53261080000103
53266977000111
53290937000105
53343718000147
53350817000156
53374045000192
53631426000100
53942954000180
54093064000103
54227972000142
54265868000142
54642333000143
54686107000164
54731733000125
54771469000153
55136607000195
55333372000121
55401044000115
55504339000117
55504911000148
55666272000117
55716816000108
56145694000100
57178720000169
57326040000145
57619754000141
57620843000108
57966219000167
58439941000106
58706240000196
59225129000140
59240047000175
59389009000189
59720783000120
58837613000168
59834025000133
59908075000118
59913920000143
60021611000148
60057760000167
60057867000105
60226294000104
60275735000150
60507058000158
60760749000169
60761265000134
60922552000189
60929066000192
60968479000186
60999997000167
61003511000151
02907901000430
50797452000114
61317743000184
61709518000193
51853727000152
56428496000153
62608867000181
62786258000112
62897945000105
62998014000101
63035302000115
63487717000120
63866470000152
64000403000113
64030237000106
64061356000118
64199746000159
64205600000179
64302040000170
64302942000107
64311295000108
65203290000116
65291525000179
65313068000176
65321687000102
65384813000178
65593884000180
65845876000184
65860832000123
66100898000188
66126918000190
66257166000104
66324840000118
66349992000175
66642827000107
01730078000124
01799787000166
03683227000177
04020539000163
05781769000108
00822438000155
05826568000180
05859853000105
04209816000180
06876925000187
06976144000164
67120816000120
07839773000105
07922184000196
07724324000111
03116330000135
72180359000107
04187572000182
14514616000195
07959050000140
08227758000179
08629703000195
08362524000134
08949142000101
08963371000180
08976262000106
09051626000100
09141289000133
09335231000120
09379764000104
10368534000129
20276468000110
10601287000169
10740534000108
10754282000176
10785365000122
10885081000108
10945801000183
10996369000150
11238605000131
11309741000175
11365548000151
11547606000168
11593414000198
11668903000161
12637064000187
13092951000180
13216550000194
13431628000193
14308590000129
08173623000178
14663366000155
08675659000150
11163030000135
11705132000135
11736788000115
16567986000116
15367679000129
16850639000104
16873201000133
17045641000165
17502668000130
18174104000188
10484563000156
11467324000150
15511631000142
15684386000175
19111074000123
14054901000251
19603017000161
21018342000109
21571309000101
21584301000180
21992475000181
22093886000106
22575636000102
22815113000188
22855653000195
22862075000114
22990073000100
23139941000106
24034659000127
24628571000133
25482615000122
23106462000193
17595504000102
20944080000140
12074322000164
24710494000166
18387127000170
19723632000101
18082668000190
20409226000158
19806776000121
14014942000133
10174479000136
21934067000173
08409354000104
26043765000100
26230200000124
26813651000194
26769142000101
27768300000171
27970253000144
27218227000164
28690350000146
29574580000102
29615625000140
29715030000166
29071548000104
30229038000100
30405326000160
30412200000112
30497363000145
28093234000140
31455654000133
31859412000105
33114316000163
33170685000173
33266095000149
33462799000197
33831475000189
34369326000102
34613766000163
07271413000311
35278601000145
35458246000196
10368534000200
36274568000148
36286019000193
36338856000119
36834861000112
37078278000191
37211347000193
37481708000111
37781617000100
37805861000157
38293264000153
39284409000112
39315388000155
37849145000171
39607709000195
39627577000163
40021138000191
29487247000166
40366127000143
40409610000168
40443858000145
40627013000100
41142460000131
41270225000145
41285533000144
41378072000154
41507579000160
41869107000158
31805483000125
42129944000103
42159271000134
42357932000136
42608818000131
42628825000103
43231713000179
43345320000196
43450565000183
26471115000158
26771296000138
31107928000101
25992589000182
27218267000106
37270953000180
27381309000125
40307769000171
36143161000181
28109096000140
41659655000153
38065145000143
26244071000123
36016880000131
43995482000170
44041841000112
44125434000193
44308754000189
44964262000141
45213000000108
45709220000127
46248672000111
46460972000160
47132384000160
47480386000140
47611732000181
47917586000117
48360851000171
48372260000114
48394558000125
48565999000142
48828013000180
48955533000153
49494335000100
49645232000196
49930330000175
50133671000107
50220488000130
50255026000159
50288709000102
48572863000160
50889895000135
51378932000103
51110358000108
52005705000103
52014843000140
52308829000150
50440269000167
52750475000107
53366447000145
53456473000164
53854970000110
54115535000137
54324365000109
54709882000198
54842512000124
55222181000192
55226998000139
55520376000119
55932358000144
22335543000283
56479716000178
57079538000150
57132544000124
57205747000101
57214161000103
57351394000140
57431360000165
57650092000172
58009124000118
58186541000136
58314697000155
58356748000101
58382423000101
58675417000134
58753586000145
59136139000100
59664405000177
54517524000183
59927488000140
59973005000143
60042180000104
60148672000170
60259308000188
60511080000171
60577589000117
60604743000100
60730396000154
60854482000179
60930430000134
16559075000228
55047440000196
45289177000198
58480040000168
60048418000109
57110507000115
52837546000103
62429995000168
62519824000120
62521138000193
62587939000151
63071098000198
63166737000107
63591159000148
63702573000187
63707956000148
63851296000174
64506541000179
64785908000130
64936680000132
65037272000101
65157882000149
65292016000160
65375944000199
44852012000209
65440053000179
65719819000159
65736123000130
65835424000111
65887973000130
65990854000108
66181661000179
66319451000102
66326685000179
64904390000107
66477032000190
66611505000109
05029142000103
01867090000185
00372797000158
02112633000117
05565200000105
05705705000128
06043353000155
02656459000173
04528425000129
01269400000160
01278014000134
06992776000111
01625425000159
24660664000145
63348932000140
07459121000145
07733293000165
07958793000103
07994054000169
08106660000163
00166242000150
61526612000107
06086959000178
04641046000140
76414994000154
58604240000185
07590101000109
04464888000174
06112581000130
01644653000176
07523953000183
00624100000199
07658389000106
08509209000197
08529501000171
08704828000132
08738149000184
08175492000168
08975080000102
09044950000192
09131071000106
09219058000103
09287881000148
09430039000113
09541144000120
09604255000138
09653552000173
10228183000150
10572284000144
10825425000193
10891899000133
10958121000102
11167276000185
11353442000138
11486022000120
11591193000119
11686944000180
07365814000250
20340755000142
12989403000194
13221016000176
13229675000159
13561028000140
13662199000165
13689107000130
13944899000142
14022082000180
14688929000160
09321900000105
10557432000151
11520055000149
12797410000194
15787446000185
15841485000113
16538912000151
16692668000187
10368060000115
16880703000191
10602245000142
17957405000115
09319994000188
14049098000186
18315391000107
18902220000176
19143030000185
19635020000167
20853258000148
20976697000148
21436906000123
21709393000187
21465314000130
21808036000176
22757292000144
23512356000100
24617211000136
24822220000169
25000267000100
15464380000192
24714410000162
17908300000176
20359851000132
18387978000113
09282126000170
10615150000163
24387476000195
19658358000134
26948123000142
27006371000137
27122671000181
28158992000107
28311088000181
28652985000159
28938354000109
28974484000199
29059792000151
29639931000116
29767038000176
29790182000123
29868167000150
30231273000108
30549246000188
31060092000129
31866547000106
31898652000119
31908017000175
32076304000129
32162827000198
32217801000108
32258163000165
32462968000126
33184971000198
33043317000164
33567593000121
09643977000282
33827800000130
34073279000155
34393597000101
34405382000155
34822292000160
34973411000185
34990756000147
35086944000108
35192163000106
35350978000168
35661831000199
32950670000165
36635210000101
36728241000107
37449858000148
37663785000192
37801432000101
39227762000160
39363707000106
39595587000164
39599258000191
39737573000138
40049144000157
40180062000147
31871505000155
38657826000109
40821291000101
40561574000153
40885743000100
26760187000115
40295063000137
41828772000101
42401306000108
42550389000199
42689183000144
42907523000166
42945783000126
42951058000160
43196662000191
43248556000104
43528700000166
43554974000120
29292155000120
33852170000153
37383854000104
30786895000100
41487242000139
30013688000105
42932393000111
26785928000112
43951519000168
44041579000106
44267021000143
44622241000148
44674854000129
45827661000123
45843606000127
45845822000101
45992158000123
46109433000180
46862038000174
46944246000112
46963111000102
47139265000139
44470145000121
47812803000104
48212456000141
48321917000114
48397220000127
48412546000186
48447586000163
48487636000136
48553236000181
17461145000273
48891433000100
48952793000175
49041678000101
49266712000146
49495506000108
49953234000142
49980433000140
50166713000106
49857268000133
49552701000122
50645128000180
45344401000105
50948783000108
50972673000181
51166355000196
51247363000167
51252621000101
51358675000148
45424597000130
51547367000160
51616635000159
51708155000118
51767467000100
51844016000111
51853784000131
51882393000145
52203196000115
52205173000140
52110555000190
52836930000183
52869899000187
52970960000188
53546745000117
53847119000160
53938090000122
53948118000102
54102701000160
54249374000174
54418796000126
54531890000197
54703689000140
54845765000151
54879771000120
55083237000175
55191728000130
55308369000158
54772144000195
55822986000177
55911205000110
08241727000253
56973963000126
57153307000140
57174816000159
57567803000140
58051763000141
58500458000190
58875084000197
59145988000120
10190061000465
59878670000158
60026748000195
60414382000121
60599267000179
60621782000108
57692784000183
60710946000173
61018395000144
61252756000112
61269628000181
61454521000103
61459655000117
61469303000142
61942873000108
60644313000104
58167342000180
55391176000103
62095850000178
62165937000174
62253905000120
62570584000198
62682649000197
62297311000111
62987348000171
63272724000104
63594553000130
63735991000170
63809868000157
63813446000155
63990044000126
64631964000110
64739080000184
65104942000165
65167700000110
65312844000113
65367389000153
65522996000140
65612759000170
65661952000100
65740069000105
65864703000103
65875812000126
66162357000184
66307231000150
66537091000107
66682571000161
03339620000148
05055802000112
05163417000199
01992596000116
00480231000140
03904358000137
05954520000157
01065130000175
06119063000148
02758952000102
06328773000188
07019788000127
41051327000170
07299761000135
07362360000182
07391706000170
63338750000198
49941982000105
68565217000182
31950520000199
07408839000102
63488001000147
03597215000120
03573155000105
06079337000112
15617004000190
07615293000160
00770526000150
03696988000163
08250521000109
08741306000100
08969293000121
09074080000102
09215395000114
09459815000108
09506104000147
09577212000100
09635797000178
10249864000103
10591650000102
10639022000150
10700865000114
10790750000168
11660027000127
11930308000152
12460125000183
20340756000197
12576338000175
12754851000109
13035458000128
13690992000178
14454017000123
14561439000106
14653374000110
14707710000160
14903486000182
14909132000145
15410704000100
09364376000150
10979162000177
11142374000168
16457318000136
16640668000133
16805672000104
17524225000140
10382564000190
10644746000191
18841129000198
19197555000101
19477032000100
19690625000150
19723146000193
20645249000161
20656860000195
21614385000157
22003386000128
22437014000100
23027227000126
23036076000172
23037886000143
23146828000158
23548245000153
24654018000175
24772728000108
24995176000199
22104328000190
16678905000155
13240091000184
15064557000163
17291523000137
09164184000108
10707120000187
10597923000126
20505340000181
15103366000163
16534443000100
26306890000158
26335625000106
26512196000197
26620830000105
27215653000144
27862195000135
28216941000186
28484669000115
28725271000123
10354313000282
29028739000193
29335151000182
29466322000102
29691519000145
30001312000180
28536356000163
30077522000152
30473381000197
30679710000150
30804437000149
30816072000172
30943362000187
31853651000158
31980305000130
32186824000194
32761957000147
33631167000100
34082907000169
34250751000188
34532948000100
34614975000121
35258346000179
35705941000105
36125331000103
36469537000142
36607314000102
37408765000175
38230461000123
38352186000110
38443474000180
38491971000154
39581101000139
40066578000165
40076013000169
40419328000161
40654906000144
41146210000170
41306487000112
31819788000196
40422048000102
41470058000186
41761421000112
42532761000134
42692980000180
43026736000141
43223232000111
43467764000102
43276722000186
32481097000198
27662966000140
36932640000187
41460928000136
42130714000164
30299360000105
42012315000107
38216997000194
30544854000108
26082212000159
39347248000169
40110345000112
43915286000148
44191023000104
44243288000109
44449942000127
44573596000194
44588458000189
45056472000102
45134382000184
45342737000120
45244568000196
45947196000164
46167757000175
46348039000103
47032568000158
43056491000286
47570412000120
47579953000110
47625574000119
47672975000120
47693798000168
47794499000110
47896333000104
47981655000151
48483866000127
48626639000103
48644550000170
49001039000112
49072124000171
49087906000184
49232553000169
49695692000129
49705542000159
49875477000100
49934166000174
49957238000107
50014957000165
58619131001707
50099519000147
50219561000154
50318960000172
50458562000151
50535203000150
50688729000170
50741286000134
51208076000148
51773681000161
51818751000150
51820137000123
50433818000176
52160782000120
52353937000144
52400774000103
52645832000169
52783386000159
52787646000164
52889348000185
52905434000134
53019158000170
53207170000108
53248054000137
53291552000162
53414111000100
53479557000113
53547102000198
53622014000103
53925647000190
54144591000108
54312346000154
54352649000109
54439167000182
54480327000137
54565324000104
54710939000179
54809619000170
54885109000182
54913472000164
54994292000154
55265930000169
55669180000190
55812539000137
55919363000117
56049779000194
56085090000115
57084862000167
57363867000129
57156496000104
57655971000197
57679700000171
55106228000152
57908172000185
58021511000170
58328976000178
58471318000130
58517091000117
58760325000152
59169142000120
59283202000130
59757416000100
60226419000198
60310913000136
60427080000198
60516362000161
60739248000109
50270424000144
52888354000118
02907901000782
61678555000181
61559722000175
61909478000123
61948074000149
55402864000121
58982399000133
62051751000194
62563594000104
62566128000174
62634251000185
62650439000117
62718449000147
62777558000135
63081774000104
63132368000123
63355534000150
63446671000109
63479350000100
63589559000119
63608670000105
63664227000151
63667883000108
63832090000105
63911089000168
63935508000100
64067904000117
64143760000130
64522775000100
64561586000146
65133391000168
65883013000100
66036908000163
66045801000181
66176888000126
66360958000100
66432056000123
66492934000104
66569323000109
