04134396000110
05803901000135
04154660000188
41586454000173
07734921000127
66704701000110
05937138000135
07307210000176
09220857000191
10295808000105
13786197000188
13302130000120
17074272000139
16750827000152
19024366000129
19070813000186
20162545000101
20979996000136
21807712000197
07447037000373
23407295000110
25125574000117
19958523000173
22414375000211
30433836000140
31171818000109
31600594000103
32848447000101
08762826000442
35823957000112
39495747000101
39742173000110
42159297000182
43891424000104
03591222000203
26643869000229
51810526000178
04513900000355
52991377000153
53189057000147
26643869000300
55646808000132
24681797000360
58893572000127
61476853000199
06023259011179
36309531000299
07182121000140
42463513000189
42715391000170
67509075000173
04347716000110
05018914000101
05436577000164
73543449000170
05995290000174
05625847000185
10187959000131
11201854000152
05989109000206
12503022000153
00025160000942
08992098000112
13549964000135
10501573000152
17211235000125
20695818000183
20974766000184
29503802001330
21581995000100
24504929000116
24554824000171
17085673000194
08302723000157
17802566000130
11896145000139
25078820000127
12948321000100
26251681000154
30457005000109
30986506000182
07733630000203
33725950000132
33973565000104
35210013000170
35647656000185
37608680000130
37297378000109
29412918000200
42371168000153
42631869000184
42984918000162
43565474000193
32455047000136
29635084000111
44497052000190
44613019000189
48585074000163
51138687000167
51271022000127
30641218000358
25370077000265
58450018000175
06023259010369
59005479000100
59546379000182
60478761000185
61329864000146
44374400000132
46456071000102
62989893000105
66329108000130
92792530000138
05322212000109
04075162000140
02543843000160
02690906000100
73235053000165
36877710000141
01390500000140
09303967000117
08048267000160
07733630000114
07892279000104
02737859000103
05919801000179
04796647000122
54178470000179
07552875000145
10467962000109
11562601000104
10591513000259
12924071000160
07106761000252
17385283000130
18580188000150
19774714000185
22036959000110
21264724000112
10842687000166
11771514000167
13196296000100
27256745000172
29774732000110
30248567000142
26354817000151
31404314000183
31551349000145
00285057000427
40508670000138
40999209000125
54178470000683
41790769000138
43547194000152
42863716000162
43965746000142
04952220000338
49961996000190
52004517000152
53047101000184
54122165000165
08365527000474
24681797000440
56526359000151
47781933000208
56961135000178
40396103000480
21581995000444
62388880000172
63191612000129
33579046001138
44658175000328
03313695000150
05047680000112
05088255000171
06037939000107
35756782000178
06196809000117
58497843000125
01559403000138
12026910000122
06893662000114
05409930000117
04157493000129
01136914000147
07106761000171
00733472000153
08832121000101
13517475000100
13059106000102
11666105000109
22913671000186
08875820000139
21593471000120
10737128000196
17772077000182
08762826000280
30159164000470
30963700000142
31146929000157
01191654001427
34894625000166
40657386000123
26837454000105
28237336000191
21581995000363
27821121000150
36309531000108
44435669000181
45153821000104
29503802001763
48053753000191
48596938000142
48834319000149
24681797000289
50586867000149
50229146000181
51429243000180
51737645000142
53039736000130
56191750000142
57449895000163
29503802001844
59161759000107
60030304000123
63139267000184
63176224000179
18272616000772
65342060000138
51299549000240
00424023000123
05964883000173
05989109000117
04535194000180
04886535000162
60856937000195
07450060000155
07466879000100
07525806000142
00285057000184
08035802000149
07059500000148
54632757000127
03752321000130
11667313000114
14727893000186
09235563000133
18272616000187
68448570000344
21350730000192
21522094000139
13196296000290
07450060000236
54516661006487
24200554000109
12783708000145
16585445000110
11120316000133
25370077000184
26643869000148
26888780000141
27187758000137
27857651000159
10851899000371
33950151000160
34743320000153
36852938000187
39594076000128
39455564000235
39676510000119
41190050000166
11666105000362
42730197000164
29050988000185
43215765000151
44465057000131
46564178000166
46243601000126
48862935000103
48874004000125
50363684000164
51902485000140
10737128000277
56197211000110
56367813000179
56901738000184
10801805000350
30641218000439
60704190000150
51138687000248
14448184000242
62447657000159
63649807000170
63656747000112
66135101000188
03335907000108
05654877000110
39059589000139
06982224000122
58895681000183
59498626000112
68643105000100
07705222000159
07668172000187
08011705000116
07447037000101
03219062000187
01086229000153
06089349000128
68434992000107
89319461000135
08783558000100
10388391000117
10235757000118
13784485000101
14229621000156
07447037000292
14769592000115
59869420000313
13331175000123
17155750000135
20515304000107
21431644000104
23721168000191
17908982000117
08185286000139
20399461000196
04513900000274
26042757000131
26454218000100
26845970000181
28203813000106
30684458000178
29478285000152
32583162000196
34025388000105
03664933000252
42840993000150
39898596000124
43005687000160
38079832000118
40420219000164
35702583000187
44174727000160
44264974000158
44658175000166
46351580000162
30641218000277
00285057000699
21581995000525
48171322000120
58066871000198
59704423000135
61285414000107
63921757000138
00405598000107
05808430000158
04672896000106
40396103000137
83941419000256
24061657000127
83941419000175
30159164000127
07597405000106
05527514000113
05803131000120
07910190000123
65417701000176
07833970000117
02878690000101
09082697000161
09496551000162
11095520000141
12417472000123
12563959000114
15194744000161
18845109000195
21487326000165
22967413000182
24165016000112
24477092000163
14141981000100
08971276000129
19785718000169
24681797000106
10921259000129
27096319000119
28783214000109
30641218000196
37190641000166
38198635000118
33857321000166
40712844000180
00285057000508
03219062000268
01631872000200
45298947000169
45949695000190
19375684000215
47611563000180
50339729000165
53404392000110
55362069000157
57884175000126
12417472000557
59090310000197
59943200000120
60432995000191
60905588000154
61227235000105
61262789000143
61816248000110
58667849000101
43756289000267
63413103000101
65015777000175
66675351000100
05088635000106
05590459000106
04044765000184
04433123000177
06331124000136
01631872000110
26480160000179
68920222000166
33761636000105
05822728000112
03916634000187
04715053000140
06210501000189
09395128000176
09445851000112
10246515000120
10454996000169
10610270000178
11493555000139
11583567000154
12488576000129
09281864000101
13817964000179
14421027000162
14593218000101
15032005000173
15593020000190
19011425000124
10388391000206
18217552000111
17908982000206
24737072000184
14448184000161
19375684000134
28095645000174
29029010000131
01025974000435
54178470000500
07705222000230
35492144000197
38267542000106
26723672000119
40044333000137
03916634000349
39379145000180
44208412000197
11666105000524
44427258000144
45510584000183
08862233000296
49516314000130
48271314000155
44494275000102
07450060000317
57486229000103
55728719000135
58343752000135
63011329000178
63525989000177
64758538000142
19958523000254
13059106000293
65906780000189
62800318000104
05659778000120
06857799000113
06867864000191
59869420000151
85023323000153
55121602000199
07454209000174
00891675000178
02276015000293
10755324000193
13728699000152
24801201000580
15632067000116
08243351000135
20147395000167
20210174000196
21545273000191
23674480000171
24052455000119
13447501000162
10591513000178
29503802001259
28592034000131
26354817000232
35139152000154
30085522000102
36382501000127
47595333000174
47781933000127
49298676000100
53313072000155
84683556001604
39676510000208
59861276000107
14011614000264
61663083000193
61362297000120
65269464000143
06857799000202
04952220000176
01692790000186
01123973000261
03664933000171
05408634000100
04513900000193
01149539000170
38947370000103
07426788000141
70092895000117
03560833000103
03427246000132
09561724000189
10411323000121
11393531000108
11796403000105
14011614000183
59869420000232
15684013000102
16384251000157
09069959000158
13710822000108
18341656000133
08560837000105
04715053000220
17323333000154
26852877000102
21581995000282
28375971000135
24052455000208
39304958000101
35702583000268
29018615000127
33639180000105
44132786000176
46017910000188
48211797000100
48787528000189
50551310000172
51299549000160
51928451000124
51934089000102
47292514000121
52235101000145
52855554000174
54441072000101
54469807000105
57369598000108
07733630000386
58356972000101
62945903000100
65285036000104
