01659599000132
00063021000156
00291799000112
96227913000114
00411301000108
00433666000133
05700410000169
02649125000172
06865386000180
07208493000107
63780555000113
06079934000147
67539635000132
09814983000174
11303986000195
12918148000199
14029931000127
14398486000172
14671632000191
11857995000128
25047663000273
16692079000107
17254485000142
21235575000163
21121687000193
24255819000168
24861176000104
22335122000171
19953590000103
27311172000132
22576665000261
29321101000146
29745278000170
33167647000161
36991863000115
34414691000191
37592957000184
37663864000101
20212771000230
29965734000197
43700228000369
43536829000116
18818454000210
33370718000129
45702749000119
46247670000108
47016468000138
47545606000176
48011644000101
25047663001326
51204239000114
54691820000104
52083625000168
55754103000139
17498966000284
58238772000146
54080175000266
52350542000198
61287432000110
41922649000228
61989495000118
50786930000352
40992520000304
57644085000249
64416508000158
66467696000179
03406765000114
03435684000142
00412749000146
05764961000196
06120459000105
73416331000180
01225039000170
60423456000196
62005202000183
68168368000105
07579551000109
07318848000102
79133583000189
10313025000107
10873983000124
12057644000103
12336981000121
00084401000258
13998578000120
15360804000179
10573720000108
15659560000120
11226386000170
17280605000186
17780044000184
09448668000170
20784142000102
21063079000170
13998578000473
22588021000102
20212771000150
24238839000120
10815551000167
26094384000142
26324217000140
26808407000133
34799242000109
36435620000109
38074879000199
40724685000133
40903949000116
37195645000137
41466431000125
41637953000142
42268951000196
40007280000184
12559378000451
42273182000114
28515373000114
38234736000105
28403522000153
34555451000298
44557059000150
44622096000103
44935157000184
44968827000169
45584540000106
45814987000116
48246439000125
51628738000139
46177124000148
52869521000183
53329329000167
54080175000185
54112567000189
08719139000606
54080175000428
58496524000103
60944657000139
54050830000233
61977372000167
62907069000150
61989691000192
63791613000104
64788515000180
51225755000478
65863752000121
03706797000135
74605817000120
02921040000100
04285132000168
00617630000100
07353746000128
02721460000134
08482084000159
09033541000190
09529698000101
09632372000105
10753197000193
11600532000186
11730079000122
12025855000156
12559378000109
13592432000180
14067002000102
17232191000110
17277899000197
18818454000130
05271288000233
19332925000168
19525728000165
22102311000102
22245431000150
23678573000174
24158296000131
24882907000190
79133583000260
55093694000302
24122738000190
68168368000369
13954824000304
32918629000101
21706188000249
33289849000186
34516935000147
35082446000197
38321448000180
38401257000128
43298276000100
43597937000107
41860449000107
43920969000193
13623203000348
48083525000164
55680430000193
58411487000185
58770677000199
54012434001021
59869216000130
60174746000143
60437665000199
60869543000171
59582803000144
62616901000160
62652159000148
64156707000174
64953732000189
65167128000190
65556040000160
65867934000170
54758126000310
66586166000140
07100964000150
61312278000199
07771310000159
00284233000163
07231682000192
01700885000285
73741126000190
00857832000200
11813242000110
12187397000151
13998578000392
11334438000122
17416191000170
17498966000101
17992328000134
13998578000716
24578917000136
25057820000140
20290113000186
08938980000180
17968765000112
29294407000150
32186572000101
28569711000109
35239851000176
35913640000177
02602536000374
37356007000150
38263209000110
25047663000788
39396258000194
42014231000102
42443660000197
31342854000180
43153739000146
33105986000113
45241672000127
47258378000153
47917934000156
48888782000173
49508873000107
37988397000262
28257655000320
50681032000178
51206812000129
51206812000200
53039135000127
57144117000166
08331904000292
58411487000266
24906317000400
60706338000195
61514872000162
25047663001164
47644061000155
08719139000878
63211321000155
63933570000154
58411487000347
37195645000994
66583983000144
96465372000162
73557365000195
56143951000174
07030816000107
41000357000157
41867524000161
61327045000160
45999083000102
63916571000190
67204420000160
89465397000109
07778302000134
25047663000192
05271288000152
09070792000145
11061081000156
02220262000278
11312340000255
15829081000104
17318274000126
19988439000100
01572101000280
13072986000238
23537944000106
22594061000167
22688753000174
09328562000133
26909610000287
27454981000101
28558739000132
29979103000127
30000117000136
30481984000130
30851487000187
30455033000197
33218107000160
34479742000163
36944297000190
66681131000351
01572101000442
11100982000290
41316311000141
41922649000147
38258369000171
42748994000179
44276531000187
45058360000182
45115469000104
45626812000185
47944856000189
50101857000176
54005695000123
54119640000144
54879537000100
55086213000170
56129123000181
58139259000106
54244079000397
58302581000104
60163192000189
61625308000117
57952570000107
47317606000119
62867351000151
65025814000126
66034040000162
01700885000102
00084401000177
05381840000165
03834891000170
02513526000281
04216423000102
02616320000104
61221081000144
84415074000189
71171300000181
71979314000126
61483939000149
07544232000150
10574213000180
11312340000174
16968050000105
17318821000173
18287091000153
17333323000108
04301024000727
24618751000134
11744722000177
08463878000175
30485101000160
31409225000120
31621969000103
32186572000284
33919971000199
30034890000113
37356007000231
34226804000125
68365501000377
42508752000108
29923327000117
44584701000190
46659663000113
47120208000299
44584701000352
50510041000104
50602224000141
51835753000158
54244079000125
54535785000126
34051640000304
55913046000193
57439546000160
57611289000100
55896275000228
60120312000160
62792184000127
63006179000104
63362181000116
64137694000196
64425092000134
64527613000164
65609302000107
65735986000193
37195645001028
97344162000189
00470271000100
01644750000240
04651043000198
04861174000108
07366747000107
66681131000190
88323803000128
68231687000100
00913926000178
22317002000141
04427893000107
07625332000100
08169107000170
68136027000220
11496872000109
08658800000106
20239585000104
09632565000166
13623203000186
17669994000136
11100982000100
07459015000404
13998578000635
55093694000574
26909610000104
27241303000152
29612958000115
34251701000115
34963475000103
36928945000115
37805078000193
39329265000173
39675644000115
39982588000161
12807195000246
40528019000120
41850688000186
31011475000450
27539115000105
40148591000163
26960044000157
45208157000145
20212771000311
13543463000303
44584701000271
48784296000105
51324413000162
47016468000219
52682061000180
55437270000156
55516915000146
37743196000629
58296159000185
49421194000198
47120208000108
45301235000313
60844992000165
61679671000115
37592957000346
61318219000128
03498000000232
63721053000111
64408829000100
64738244000159
65758018000100
65025814000207
66579713000160
04046797000119
02541582000149
07736998000136
00990310000109
73691529000172
56438153000170
04690433000177
59046631000194
07784228000169
14078273000163
04351027000180
74419342000187
29456837000121
01572101000108
55093694000140
09483185000107
10387159000164
14229912000144
14495551000188
13954824000142
18527626000116
21857018000184
22576665000180
23049066000171
12404243000174
21935128000117
28257655000169
00411301000370
29619686000185
29773720000171
30519057000162
31238457000162
27765602000196
04301024000808
34044955000162
04301024000999
37370952000107
38383304000158
40289168000183
41407886000170
40903949000205
22688753000255
40886144000101
42743949000121
43330840000125
44998368000166
42748994000250
08169107000250
50112413000136
04351027000341
51641068000190
53115742000129
17232191000381
56688394000177
57408125000172
54080175000347
59816541000135
60704926000190
61275623000161
54119640000225
59690384000245
50786930000271
62914333000183
63351752000117
47944856000260
63920278000105
11720921000498
64763503000100
65520239000138
62917857000128
65025814000398
49167585000209
66651622000198
05501758000127
00857832000129
06218702000122
43700228000105
68365501000105
92196187000169
61221081000225
03705976000158
02180239000116
13156732000117
07153473000178
05700410000320
11496875000142
09325860000170
09364769000163
11838642000180
25047663000516
17270524000103
22189602000171
22705434000120
20325157000102
26021617000187
26178441000171
61221081000497
55093694000655
31858535000121
32440236000135
33842008000154
34023289000186
34770031000143
34638879000385
01572101000523
34114258000130
20290113000267
28257655000240
35663915000404
37361442000173
42996111000140
43887772000108
43964639000108
00913926000259
44671404000182
37794121000243
45669119000190
46008376000143
47135956000164
47190334000139
04351027000260
50786930000190
50991853000100
53669356000189
53846438000151
54012434000130
54315654000133
54682677000186
55896275000147
57300140000100
58091477000100
59640148000133
59690384000164
37195645000722
60610758000173
60748145000105
61104251000100
61508670000108
62319771000101
63080914000120
31038483000228
65868050000130
66654217000123
05008366000120
00089760000117
05096180000170
03498000000151
02704370000135
02720196000114
04518863000106
40571010000100
25752353000179
88152970000153
68136027000140
06292748000191
04712670000191
08847219000132
09281560000136
10893920000130
13565641000135
97534848000132
14147338000185
19170988000165
17416191000250
14067002000293
22705434000200
12372098000197
16678224000197
13750429000148
26029197000185
00126068000383
13592432000261
19332925000249
32479117000196
34638879000113
34832376000184
38307576000179
41037224000155
37988397000181
42376047000102
30961647000140
43682892000160
31326707000116
31038483000147
31653105000173
02602536000536
45509017000107
46191139000160
49167585000128
32160063000282
50825518000132
03362189000231
53109353000190
56778150000185
51225755000125
61704624000184
62112637000127
62158714000180
12057644000286
61679671000204
62957645000174
63396165000144
63511121000118
65049667000124
65670227000190
51225755000397
24452798000251
65790193000177
66299927000182
