06278223000100
03469129000131
05239925000103
01915618000144
00484240000109
05625494000113
05790805000108
05827291000100
31673254000285
73279044000176
49351786000938
36311454000120
06349291000104
01292636000117
01298443000173
76340298000140
39392667000112
07020296000151
41005547000167
61074993000130
25503756000184
85242378000154
51207041000194
69126746000142
52655925000174
07469089000189
07495871000172
07547861000133
07629402000107
06995089000150
32150633000172
07925457000156
08086190000113
04050750000129
04216059000172
02442391000200
06164395000144
05341148000103
05200510000126
19703677000114
01003538000112
00513252000114
02601656000195
52201456000113
45524626000135
33060302000104
22460323000109
61304069000101
08172474000122
08218267000161
08367470000108
18459628005427
08606753000157
08695837000104
09478023000180
09523329000101
10557550000160
10593335000114
10815369000106
10915763000116
11027672000107
11196906000140
11402392000131
11756312000146
11842854000131
12453457000130
12567317000193
13309827000123
13893776000120
14217099000192
14625838000185
11279770000212
15404311000193
14448178000104
15483303000180
16548770000103
09461437000105
13244368000147
11512119000160
08355263000125
09599701000163
16964415000115
18083951000137
08576331000186
10696551000195
19020765000111
11960237000211
04050750000471
19345179000147
16861009000127
19584467000154
09197394000194
21394493000161
21902714000165
21707794000106
22437236000122
17178243000206
23613869000107
23636431000144
24845502000181
25115014000181
25247434000111
13471975000140
14053344000173
20656411000147
24080524000106
14918622000108
22605598000185
16542787000153
16721684000150
21349701000100
24789180000109
17149248000111
20921957000188
20599845000152
12035062000118
13719523000134
08780061000120
14714518000100
14365637000196
12483930000122
26483355000172
26682939000177
26718810000171
27330204000147
27709659000178
27748233000123
28716179000105
29279912000126
29312896000126
29645237000101
28812817000183
28997632000190
29939175000140
30035852000185
30054982000165
30619938000155
30712200000138
30786963000123
30084518000111
31167508000102
31329483000104
31829598000150
32008108000117
32258056000137
32550505000116
18460086000281
04269484000200
34467310000132
34791007000190
35296480000164
36785792000102
35238038000181
36923443000100
36931055000162
37123575000101
37702600000101
37807135000173
09360020000229
34055837000150
38278953000199
38321085000182
38383944000168
39761701000189
40278622000109
41000291000103
41206718000116
41491103000189
41688863000180
27443804000111
42375627000177
42456515000140
42644952000198
42658603000125
39808530000287
43729834000145
27767709000173
39153591000172
26725940000131
35608317000190
29108960000151
26159355000111
30346310000123
41938103000184
32024141000130
43806232000144
44520072000135
44569071000185
41829510000315
44826380000193
44841520000100
45869081000107
07942715000293
46541270000100
46637071000109
46519016000106
46813909000160
46874714000120
47027730000140
47721587000191
41660939000321
49361936000137
50012008000146
49880946000189
50088720000129
50412564000100
50425216000177
50429486000156
50900540000108
30307116000210
49785606000250
51577256000105
51596093000108
52360824000176
52474658000139
40829708000336
52914663000115
53311302000147
54709275000128
54767799000175
54947503000106
00179362000272
55163253000178
55674371000140
55771287000145
55780367000167
13875938000288
21500422000368
56175345000130
33546315000279
57209990000190
13827655000260
57355622000150
57806594000140
57930143000110
58246234000101
58415697000141
00071799000379
58955976000106
59258535000100
03606427000207
59418623000121
59547860000192
51804785000196
59762359000149
44606060000128
60542836000140
05222267000570
60885210000136
61810342000161
51722675000185
60712505000100
07149505000323
59957012000151
59506713000174
61767107000154
51710358004136
42767325000306
52201456000466
63278264000121
08675394000351
64723044000122
64779347000167
38327113000411
30906318000288
00077633000106
05028325000104
03400313000125
97481519000170
00441830000154
05456659000170
01297028000286
00544599000124
00612686000171
03952213000101
02255783000180
02904222000245
05759929000201
02447437000101
04181945000108
05853103000118
05963416000129
07390957000130
00955483000188
02593360000170
00977773000122
02629588000172
02699256000164
06131330000100
04548553000134
04596783000179
74413824000120
06337197000135
19983329000148
04684027000100
01328114000128
01374045000199
39808530000104
07213019000165
03284928000133
43446749000170
62255187000121
07330175000106
25913732000101
66560392000151
67774679000147
67902783000170
68085570000165
51710358000149
32569261000113
71631238000163
07705264000190
08117149000167
07219617000141
41257114000107
58295213000178
01955600000176
01979058000191
05932788000198
01603439000171
02276057000143
03356965000100
03952368000148
06347703000177
69310340000115
04173114000194
01810063000176
02278922000190
03806796000162
03337163000152
04365528000115
68218593000109
06052476000152
08252730000191
08516823000186
08546929000122
08669009000100
09012353000186
09096844000152
09160396000109
09211059000101
09241056000102
09603161000144
10475042000132
10475486000178
10643004000141
35820448019406
10891565000160
11056550000149
11092846000115
12246196000188
12399413000170
12528496000150
12693609000172
13323440000121
13348288000131
13550569000172
14219722000146
14223870000134
14477127000100
14807560000167
09643977000100
11469153000107
15505901000102
05084690000551
15678981000106
15743182000168
15748977000169
17084675000169
17229981000146
17473701000140
17605216000183
14014668000100
17709697000177
17914559000120
17953048000117
18083802000178
11941179000106
14298899000185
14941551000164
18697116000197
10635492000226
06028137000211
19034550000150
19045217000146
19149623000159
04166932000321
12230468000232
19416150000109
19922959000102
21423790000198
21493338000100
21737376000153
22430197000131
23075297000150
23209164000129
23380235000151
24022700000145
24147931000185
25257001000147
20800540000167
21552695000194
14487450000165
14683310000162
20276172000108
12880024000161
23634894000177
17159660000112
08407651000102
22654029000120
17634786000100
13380287000174
12803520000111
15168932000115
33100082000952
12465507000108
24683758000130
03952213000292
26085154000117
27484453000197
27792194000161
04238951000740
28421328000109
28492835000125
28607692000150
22392045000272
28995382000150
29618802000141
17159660000384
30186200000141
30189404000136
30921204000126
31728559000166
01558625000217
13480805000202
26526668000160
32565823000150
33599681000105
31190686000154
34042463000138
04446292000222
34442700000158
34979214000173
35150463000114
35691912000131
10285608000244
36489889000160
37135992000174
37581390000140
37621744000133
37778759000100
37876444000103
38016582000177
38200470000171
38714672000131
31858338000102
39914497000199
40018968000160
28633936000179
26898581000203
34049211000130
42066562000188
42428743000107
42891684000109
38204744000109
26483526000163
39824098000137
38250879000100
33810592000166
35796806000112
28633936000250
03960018000204
33613876000162
36347826000179
31480000000160
44292733000112
20659584000208
44336638000173
44362308000152
44744775000147
04238951001207
44505594000249
02629588000253
46066319000110
46066984000104
47665645000107
17409507000287
00406859000286
50316193000162
50336394000121
50804633000120
51858634000110
51999509000120
52241336000140
53280484000136
53847412000128
53936694000130
53698990000140
54274307000100
54556984000110
54657436000187
55064895000110
58752460000903
56660000000172
55880976000198
57090819000104
47415819000264
57459573000103
58234324000174
58402511000110
58422102000185
58489130000110
24604674000244
58888954000162
59060397000150
55651708000102
60625368000177
60909604000187
39422495000263
61177873000169
61404014000165
61454051000188
46989096000163
60549302000145
55748912000138
57325280000125
52529479000151
59543794000182
62100148000155
62222798000173
61304069000365
62999534000120
63667048000178
64741624000142
46460734000235
62999534000201
65842667000187
65858865000139
08091417000208
66011345000159
66494223000160
92981752000107
00463305000130
05467081000158
02109005000182
03852057000107
00555753000163
00656179000130
00714673000103
00767549000106
05874020000105
05956972000178
02571329000138
00946484000166
22976138000325
06112090000199
04472760000152
73220592000120
06189855000199
06239759000108
07709508000102
02913125000138
01330242000106
58752460000156
03051726000141
01471297000136
07124447000111
84683556000381
01537969000169
07139218000170
07831411000178
61667457000149
62334156000166
07383874000114
63091870000133
09094962000121
64735111000129
84801315000128
65769739000108
84859552000140
66541889000122
66783630000198
50170356000141
32872368000136
15105745000192
07590023000142
06995089000230
07764288000110
08061646000190
68653344000133
02959371000120
94825338000126
07467306000100
00179362000191
03758979000150
04783677000102
06994216000104
07040820000156
92950674000175
04782142000109
01956801000198
00899130000108
07074939000140
00029372000140
01549986000116
01911022000176
04282848000101
08034619000129
06578588000141
07176763000137
07188891000281
08348704000161
08663432000194
08189885000120
08918717000129
09475249000128
09528693000164
09565049000166
10319076000138
10649322000110
10692238000189
10719048000108
11403070000107
11118497000163
05790653000216
11603319000128
11737203000181
11916966000190
11960237000130
12137507000170
12426369000140
02512121000490
13156794000129
13197044000103
13665288000165
13827655000180
12130293000100
12809039000133
14713014000167
14905080000139
15165588000100
15302984000132
15369889000156
15399366000152
08242888000180
12262584000152
16642091000107
10564166000194
17150506000180
17416735000101
33100082000871
17704211000108
17911962000103
20469872000100
09117476000181
10531277000102
10803973000112
18341397000140
18378392000192
18606167000166
00331788007474
12865208000233
22580036000124
22846832000166
22929417000176
23188464000179
23190129000105
23283642000140
24110829000105
24000128000113
21896140000160
10967865000185
14666079000107
19078985000104
23798450000177
00029372000302
10540613000175
09303443000126
11862848000146
22963042000160
19775701000120
13272584000104
14278789000151
15711101000148
24604674000163
24798321000141
11172836000190
17680892000111
20460015000140
13554905000155
17252670000106
26328469000148
26715053000182
27466875000130
28007123000173
28068326000170
28268168000100
28470909000122
28509873000143
28877319000119
28879777000197
29260422000188
29446411000197
29543795000166
22355622000337
29689057000121
29729782000186
30213316000122
30892466000100
20921957000269
09309127000242
31774341000148
32630250000100
32859016000140
33481833000170
33100082001177
34075596000100
04050750000986
34322089000124
34638463000103
34859941000105
35852917000107
46563938001605
36312371000156
36380336000174
36570781000105
37764964000116
38091360000119
39231083000165
39612231000191
40571302000134
39374176000149
41496256000119
40558366000103
17737980000374
42063422000156
42624024000161
43545826000149
31984510000174
15003764000299
39277492000100
42354656000152
33936285000126
43944092000170
43946258000198
44390592000170
44619592000108
45245147000180
46224025000170
16861009000399
46479174000180
04238951001550
46943202000178
47935421000178
47963139000102
48009549000173
45019869000116
48578187000131
48743984000127
22244418000268
03679808000216
49978204000190
50860921000100
51024949000162
51317745000110
09303443000207
52152463000172
52178178000120
05944604000703
53377153000119
54315634000162
54397332000180
54469120000161
55410996000103
56341822000190
45556310000125
57339963000131
57977634000116
58188039000164
47023310000195
58541751000103
45384472000123
54045181000282
59646014000120
59746027000170
59871010000145
59883475000116
59890563000145
59831468000170
22939811000276
30712200000219
57321975000139
49862856000165
51734038000129
58073029000183
45517180000111
52647847000166
28716179000369
62522580000134
62722064000153
63166639000161
63295443000177
63671859000142
65026018000108
65113594000192
62230502000166
65424226000165
65592424000138
65727203000120
65533873000105
66521700000130
01751493000164
03416540000149
05078293000143
05110248000129
95433397000111
02154924000178
05553020000103
00660664000187
00730538000151
04058136000103
05729048000159
02553589000180
04486586000105
02756441000143
73512386000194
73949703000134
04615966000194
04698642000167
04739101000130
39050943000164
03004684000198
03022483000113
58763350000190
01447737000110
01448293000137
03098281000155
07146576000100
03204058000145
01600153000132
23968555000127
42531756000107
07241534000159
62404306000160
07377150000168
66639774000175
67605212000173
07614500000162
07726140000190
07744101000116
68911049000130
01558625000136
04992373000147
05384653000135
03990266000117
05683326000184
01536135000139
65086969000172
07626124000126
00927448000155
02904222000164
41714981000116
65552507000101
00680966000117
05944604000100
08027158000167
38688818000111
08064928000141
58752460000318
03270896000117
29375441000150
71208094000137
65365231000144
04446292000141
07150819000184
08226699000114
08973660000160
09058289000174
09220982000100
08621076000146
09331400000154
09335663000131
09628480000104
20255274000139
10173285000116
10615819000117
09603161000225
10866678000105
10921811000189
11426166000190
11619992000156
11675381000125
12401962000131
04192554000270
14137709000148
14147498000124
14429382000188
14693590000190
14710588000181
15121796000108
15385324000162
09535791000129
10403633000102
10886210000182
13475002000189
13390706000159
16629968000111
08905886000124
11279770000131
10445425000168
16369626000100
16948255000110
17009579000156
16884335000150
09213849000118
16984697000112
18649524000173
18742344000131
09446730000195
18881957000150
18979485000172
14820582000167
19812442000160
19918704000176
19968616000189
20124671000171
20990233000196
20990381000100
21074636000158
21536901000172
21838078000150
22975967000121
22980231000141
23056804000108
24400296000104
24542900000129
20371330000109
24872093000102
24880294000151
17696277000101
18920505000130
16811412000141
13370311000275
13227927000100
21829493000147
08749303000113
17713113000137
17127451000197
19952269000104
13847961000188
12145977000267
23110748000142
18552169000110
11813477000102
21500422000104
26185222000110
26639144000186
26640926000135
26749239000152
27971028000122
28236139000158
28325560000135
28344987000180
28363386000115
29474999000192
29588950000160
29736277000169
30235534000168
30580753000184
31129024000179
32056868000108
32311246000170
32989193000141
33348923000198
26368873000145
33864111000103
33957488000107
34192854000139
33337231000144
34866532000128
35702805000161
37242733000142
37286991000120
38002968000120
38326097000108
39227417000127
39278238000119
39474281000150
41125198000117
41331641000106
41086624000150
42275424000109
42288388000118
42277846000113
42649435000101
42740968000102
42898292000171
43150641000135
43467584000112
43521745000109
31298411000139
41829510000234
38000602000111
42433525000160
29795338000169
11172836000270
42767325000144
39822233000105
43884103000174
44229630000108
44342607000125
44426010000169
44572351000142
44695859000138
32303404000221
45690706000160
45920512000104
46405095000124
46917736000120
47043003000176
47218871000140
37915668000330
48483684000156
49238875000115
47550877000110
41660939000402
49704986000170
22426666000220
50170097000159
50249232000156
50658248000112
50801978000120
51376631000140
52720304000127
54124161000116
54114085000168
02976881000297
48982775000136
54669777000172
16884335000583
47218871000573
55710270000188
56019660000179
56040576000137
56226867000114
56348520000144
56779107000134
57420240000162
57797586000184
58018273000143
05743288000701
05743288000884
58723832000116
59261936000119
60209931000126
60243240000149
60500844000123
60605175000154
49273203000140
39422495000344
61101616000143
61249049000177
61371065000138
61434251000179
61529586000170
16743543000210
47973196000164
57323728000171
57938158000124
60291394000106
58322027000180
52650388000170
62131704000150
62331406000104
62489841000161
63010560000147
63050271000171
04050750001605
68099431000271
63404531000160
63630888000166
42919264000274
64432358000176
64537118000136
64780464000140
64951722000104
65042454000170
65511311000160
65729798000152
66013141000157
05074676000143
05100220000100
03476395000191
00210051000148
05273422000154
02008681000160
03761081000130
03830607000197
05495281000114
01536135000562
02221289000102
05598373000120
04718950000298
06052476000314
02442391000120
05878982000132
04267668000150
06013305000114
02711017000182
73536724000128
06206803000183
04564454000146
04624285000192
02954483000199
58617226000116
04911458000153
07112020000101
07155661000135
62230719000176
62751102000104
07376268000171
64006281000172
67535757000150
68886720000130
52395167000100
32377467000141
72201890000100
07491529000102
04227150000193
07604055000150
79291878000183
07699953000139
05463537000101
06028137000130
50886076000134
07752137000141
01042200000170
06159235000107
31375959000135
02722800000141
07221493000139
03787809000101
05161152000190
07178574000101
04206016000106
04620145000146
67955914000187
79330395000140
07494105000193
08235534000109
07552997000212
08477694000164
08675394000190
08762491000110
09105835000180
10290493000103
10304614000110
10379094000105
10509005000106
09535791000200
10565294000152
10620279000160
10859287000163
11148918000107
11426311000133
11438725000182
12092335000166
12777583000140
13128232000171
13223320000152
13485007000192
13560564000120
13746488000142
13875938000105
14395737000165
10144364000107
11086209000136
11126831000120
11738593000104
12081405000180
12671109000130
12796424000193
15507280000104
15673462000147
14229337000180
00908234000212
17409507000104
17499863000158
17618714000160
17737980000102
08669009000282
18013652000126
18088289000108
03531403000236
08963372000125
10406535000110
08675394000270
09528228000123
19695453000108
20208053000100
01449930000513
21008924000104
21904856000161
22244418000187
23513894000119
23652270000182
23658858000143
23890823000135
24246204000175
24587674000100
20513456000162
24707108000187
24905567000175
23803384000186
25264916000180
25463374000174
09134068000138
21052619000110
14253007000120
01449930000602
12078644000181
13597236000107
15083220000101
08920924000118
23040913000137
10515403000127
08713975000179
13625247000145
26027901000160
26379896000155
27769626000113
28274721000109
28623386000107
28663338000142
28857335000140
29022681000170
29251258000142
29544048000142
29562894000195
29810888000100
31251955000145
31280549000100
06190063000215
31496882000151
31614778000114
08695837000295
32054244000143
32145512000132
32269146000123
32501062000173
32526552000124
31663777000160
33546315000198
26543450000114
33765018000133
33853208000102
34375526000178
34444556000199
07441158000227
35797639000124
35938921000184
35541875000185
36186426000129
36412678000129
36417675000188
36736672000107
37061424000176
15469770000317
37127143000179
37322493000196
37336462000194
37778742000152
37849803000125
37594192000111
38248222000109
39305125000165
39324214000159
39409828000133
10515403000399
39822881000161
28788905000197
40829708000174
40835488000191
04509536000350
41279718000146
41299772000153
30056325000157
41660939000160
41967119000115
42088853000177
38309900000198
40571302000215
42801865000105
42927778000190
03959575000205
43018866000132
34274816000125
43286062000114
43442806000142
13272584000368
43695185000109
43825345000197
32787727000157
31268315000148
31195983000192
36371827000159
31172073000194
29820343000184
42336286000120
27252677000173
34334059000138
44678212000106
44860778000146
45262495000165
45333650000197
14365637000277
46735804000130
47008789000190
47013501000176
47711120000160
47063079000244
48738920000138
49015962000103
49645411000123
49856634000130
49938521000183
50158608000117
50202751000169
50461212000144
50604653000158
50732433000100
50801757000152
50961227000171
51007742000180
51208371000102
16704598000482
51857008000100
52075189000185
52079298000170
52061910000188
52669172000156
52691117000162
52695167000118
52748337000185
52942932000157
53716959000194
52201456000385
54550569000150
54738242000106
55458995000120
55669613000108
47218871000654
55813418000100
55962545000170
56746782000167
12420164001633
49361936000218
46218314000328
57703661000109
00427475000320
58011241000116
58569886000179
58838918000194
59304338000180
51752917000183
59948761000112
45827291000124
60317660000122
60399413000112
60717724000182
60755779000187
61302409000157
46705770000130
31829598000311
62308751000127
62359822000110
62691302000100
63394710000163
63476780000160
64070252000170
64568710000367
65018724000108
65444342000146
65888908000129
65895897000104
21500422000520
01955600000257
05058510000133
01783222000190
05135053000133
96223243000168
01985366000120
03679808000135
05500005000105
00593614000124
03944635000135
05624552000194
02295506000109
05774798000142
04229515000119
04245532000140
05959588000129
02580258000130
06028117000160
01028682000103
01073371000166
17666298000176
56716327000119
06316353000181
04640007000129
58752460000237
04733376000166
58404377000196
65969172000385
72168354000231
07048314000103
22968028000150
79007241000112
42067124000134
81195802000104
64568710000103
65311961000162
29476157000170
72685167000144
07653921000100
07874066000150
08040473000124
00846380000180
07957297000127
03959575000124
04502651000130
04652832000143
57312605000135
46563938000110
91083212000135
07425249000198
00142322000175
01606894000120
04061935000139
73178063000106
00838896000182
05922811000163
61475091000106
05208227000140
02776642000102
01793020000120
96242029000159
08877087000191
09062363000126
09150057000141
09172931000141
46563938001354
09514641000139
10206278000173
10242040000101
10442930000159
10928940000107
11225698000160
20303584000181
11388997000115
11395850000152
12632546000144
10966880000109
09274510000121
13520397000194
13523955000175
13654961000161
13780001000148
14392545000103
14673336000120
14826236000196
09528196000247
15427174000102
09324627000172
10625395000171
11006334000199
11748075000171
13210293000183
15607780000100
10456736000122
43718469000335
07764288000381
01985366000391
18115465000153
09309127000161
12230468000151
15200491000191
18080387000107
19908111000129
20102529000123
21011924000163
21691619000160
22600574000133
22946759000102
22982273000111
23371106000105
22940751000201
20918052000159
23793749000139
24098966000171
24864422000173
24926380000158
25341582000109
16840364000110
24768176000156
32150633000415
23015239000130
09147535000164
18469662000170
04298106002380
18797208000149
09612459000110
19338548000174
20146697000110
12654979000109
21834678000140
22838754000158
18089155000101
26729755000115
06759858000200
27074498000193
27197986000198
09603161000497
30224316000128
30320016000142
30588340000146
30906318000105
31522159000108
31771897000180
31950325000169
32158543000128
32770530000105
29392097000107
33778649000197
34084159000153
31663777000240
31985857000131
34778443000120
35778516000146
35797782000116
36418005000186
04050750001010
37830766000103
38010273000190
38057595000194
32892248000109
38471966000180
07552997000301
39829765000174
40998822000128
29503802001682
42919264000193
39256226000193
43156489000106
26068923000179
43478904000130
39392667000546
41030268000153
33026271000175
40618304000131
39750415000118
58295213002383
37637286000120
27806274000129
43168687000181
44432349000178
46594056000112
47281224000182
47345272000197
47415819000183
47438666000190
47630677000177
47802823000102
32501062000254
40571302000304
49748313000111
49785606000179
50036386000160
50376783000180
52144628000164
52372634000179
45610209000105
53668846000160
54657014000101
54758364000164
54788016000130
54896423000160
15305042000299
00391108000233
55566867000109
00757668000269
56443999000106
50303439000242
11172836000513
56990683000126
03243168000701
57817362000197
58063068000108
58227969000180
58410698000101
58528627000108
28997632000271
51804785000358
59174884000143
59453752000150
46218314000409
36371827000230
06190063000304
49362657000198
30712200000308
10515403000470
62000019000195
62106916000188
63061991000132
63705508000105
64655404000104
64953012000113
66435807000165
28985336000331
03333521000159
05518264000155
01832145000111
01843331000156
03531403000155
03606427000126
96275128000137
00398022000151
05435620000177
00331788002910
02115593000167
03852519000196
03894974000154
02209202000173
04063097000132
05120289000287
00868405000146
00889673000144
04291824000119
04362037000110
01029880000191
02665132000168
02702753000174
35793439000101
06240736000113
06759858000110
04626657000110
04649151000126
01318721000107
58006727000166
02976881000106
67882621000206
40428997000108
03274680000120
07301640000180
62351283000173
07358834000112
63736334000148
67331249000150
69092765000103
07490846000104
05222267000147
07883415000108
05743288000108
08091417000119
08117794000180
05455385000103
05788934000153
70099924000172
19848316000166
03648990000167
06968511000188
07403080000175
05869448000160
03947887000118
07050997000133
07167191000120
03483162000116
03768205000100
00402479000192
01146404000150
07201126000173
02512121000148
01215643000115
04812648000113
68886605000165
59233635000181
08648188000190
08853760000153
09197901000190
09344630000158
09814087000105
10471797000169
10497075000183
10568785000157
10721037000162
10797591000123
11719476000101
12334163000190
13315214000107
13370241000174
11176390000171
14393343000178
11708870000217
11800095000144
14312487000152
14440687000190
15469770000155
15639553000166
08763776000175
12817096000164
16983126000163
19848316000328
11054013000160
13370311000194
18474249000102
18786075000105
19848316000590
19739452000118
20691107000130
21457063000141
21938913000123
23029591000125
23258101000162
23347547000163
23740880000138
24279142000106
25072030000134
21138761000184
20735376000151
17330427000150
17866888000142
24237168000183
11655063000100
11031118000101
10646003000150
10292303000189
13272983000167
12829836000182
11469299000144
20188180000194
18713379000142
26198653000110
26777216000151
07897039000283
28510102000176
28671175000140
28843702000156
29763498000126
19585158000360
30122631000144
30557253000121
30833240000138
27866886000107
31698586000133
31748289000155
32612587000186
33132331000134
33246555000177
33327486000126
33587747000147
33727068000126
34003281000158
34118132000134
33764881000176
09105835000342
34951999000176
34960949000155
35489323000175
35679710000174
37057621000111
31872970000100
29727009000180
37218409000199
38098716000146
38560034000103
36417675000269
35783888000160
39897395000102
26093576000134
40281661000157
41771675000111
41829510000153
41905769000136
41179702000161
43143366000122
43310625000162
43330180000182
14327411000796
41109221000180
42587791000148
40732552000109
42168779000107
43217683000146
39753954000100
37313045000126
42725628000102
29747731000187
11172836000351
27700573000184
45043491000196
45427488000176
46077082000173
46271270000138
46411236000111
46455836000181
46555234000104
27083004000307
48168213000153
48566545000196
41660939000240
49235119000132
49310483000110
50157537000138
50328191000193
50417502000190
50652774000175
19848316000751
50839842000100
51406738000194
00029372001031
51815211000113
51017034000120
51952894000150
52664160000139
44025861000108
52952624000102
53430985000151
53553138000184
05743288000612
53976974000171
28716179000288
53784185000139
51577256000288
54487432000106
54647123000148
54759462000116
10304614000200
55675945000103
56034271000112
07221493000210
56911002000197
56933830000126
56944568000115
02454531002123
57462835000180
58063069000144
58195092000192
58546410000112
40070905000233
44841520000283
59686346000138
54887978000146
60223555000124
60796470000135
07149505000595
61597731000150
05743288001007
62190621000132
14014668000445
62233497000145
62683320000140
63175538000157
63563657000187
06269451000539
65068326000104
65168768000114
65571367000100
10814203000256
22729497000205
00071799000107
05018402000137
94069580000117
05157606000159
03584097000115
01944358000135
96428024000115
03671095000163
03710247000190
05390856000134
05411354000142
03903640000108
02236059000109
00757668000188
02442763000118
05944192000108
00960321000138
06095678000181
04559259000128
56885940000160
57644809000254
04722339000152
06926928000188
06968236000100
21780481000175
04854530000158
03194664000127
64164197000187
65969172000113
68712058000100
70220801000148
54446810000103
07425303000103
07747518000132
07916914000146
08015989000119
04269484000120
71019483000114
92671833000100
00591581000183
05904823000165
02644861000138
67042424000190
33498700000107
72852536000146
07525271000100
57312605000216
04166932000160
05885332000114
05218314000189
05203057000101
37583754000121
06114446000123
06366038000169
87769915000144
07094858000101
05684306000128
08520021000140
08626377000162
08646640000185
05790805000280
08172593000185
09593430000139
10331359000103
10159014000106
10282294000145
10619981000103
10691481000182
10862053000175
10982311000157
11350088000198
11657773000161
11999655000131
12359334000135
12374550000150
12885644000193
97528200000153
14193806000158
14994067000101
15096516000159
12941975000101
97542099000195
15670671000137
09608095000103
04298106002118
17298896000130
14769402000160
17893537000120
18075746000120
18108024000124
00331788005188
14468711000108
17667870000111
19895610000129
10344516000107
20855047000144
21277896000120
21596355000165
22894874000172
23290218000123
23750682000155
23846353000102
22551694000198
01447737001353
24616940000178
23514704000188
11856690000100
22377903000129
17069108000133
14327411000109
24484122000169
24765374000166
23609226000190
23817647000106
20880846000170
11786752000146
12365815000153
23813386000156
22380825000111
22413741000137
24607646000108
12006176000130
15558640000199
19001659000190
05435620000509
26696850000160
26898581000114
28985336000170
00331788008950
29635365000174
29859437000167
31462896000154
32802709000105
33848863000172
34050172000191
34338249000123
34686825000123
36764774000136
37338709000101
38231028000102
38388684000113
40129812000156
40138388000106
03009915000580
40671082000110
40884711000190
12052473000200
31950325000240
38082877000141
39346590000144
41875999000108
37414517000137
30027644000134
42079523000115
36418005000267
42722388000184
08546929000394
40359441000107
33736662000183
42033768000101
32620745000140
34219438000187
39358913000110
26597029000196
42650279000107
37436913000165
29413872000163
31760193000102
42970389000148
43903872000172
44385344000131
44555210000111
44564724000133
55532188000291
46317358000143
46460734000154
47063079000163
47225062000165
47489283000140
47884257000117
47961025000115
07149505000242
49929048000178
50247575000181
40829708000255
06231529000283
50772778000197
50936320000126
51188063000154
51019436000163
51749106000123
49241740000109
52978844000105
54322844000188
54487727000174
54860907000150
46218314000247
55119098000192
55323909000172
55402174000172
55477613000106
55769135000108
46080624000167
55748912000219
11172836000432
11172836000602
57105107000111
57498660000161
55890393000148
57957283000181
57990287000161
05944604000886
58348185000100
49330011000129
40129812000237
60508828000187
48909638000176
60848932000110
05218314000502
61363367000164
37877273000200
55006841000106
46349290000184
58180114000140
51147051000181
62123169000196
14014668000526
63406703000134
84859552000492
63868691000160
63984863000160
64092139000195
65302650000137
64664784000135
04964379000100
01721013000112
05098822000170
00171689000117
05153053000166
05207574000159
05408259000190
05504499000198
05617387000143
02302662000141
04038202000183
04040912000148
07731546000161
04182003000144
02492677000110
30280358000500
02690085000102
06264285000154
76867746000169
03115199000191
03153819000187
07140025000130
61185922000105
61628368000193
07337416000149
07377015000112
25880543000171
63359863000170
64805997000130
65591695000179
66780768000133
87404265000133
52238698000181
71619522000114
72595879000172
07407689000112
07573833000190
04055105000107
33100082000103
07912362000106
07953322000102
05524989000156
07040661000190
04679172000194
35784545000110
06859393000170
05536092000142
04925804000152
02683235000150
05306885000175
04001457000171
03102823000116
07127606000131
67957241000102
00260485000152
05668163000160
04564687000149
38741138000114
05325240000180
01173415000120
04719531000190
38588372000153
23836281000112
02555047000147
02257037000125
06935694000135
04718950000107
54559893000139
08583629000113
08627488000193
08964391000176
09360020000148
09436954000116
09506563000120
09528196000166
10261049000151
10560380000172
10801791000102
08064928000303
12535813000165
12846652000120
13391887000138
13844989000161
14426503000138
09222508000109
09376275000107
11952766000192
14798650000139
15496980000132
09544993000137
15768905000183
16740031000119
16692512000104
10467007000171
17273344000177
16755362000122
17546006000161
18258209000115
11131712000166
14303059000163
18460086000109
12136713000166
18925025000161
15128729000115
19174251000110
19483658000120
19612492000102
19918979000100
20065104000191
20151318000180
00331788008012
22408118000196
22940751000120
22260124000149
23597822000105
11646217000190
24604525000102
24980342000183
25006962000189
17794248000174
13061949000143
24030722000157
21340859000110
12376738000137
09105391000183
11272453000193
19316524000114
08697811000103
22888698000166
11419006000114
17928964000105
84859552000220
12255403000160
13272983000329
26562334000142
32150633000687
26757894000152
26965946000186
27957531000123
28332996000151
10344516000298
28790815000130
28820255000110
28885399000154
29035442000155
29476969000115
01449930001757
30633797000125
31164895000123
31645941000106
31961026000120
31996537000187
32140644000171
32243752000170
31749156000101
31829598000230
32623023000149
33390557000135
33328548000114
33650141000109
33872786000196
31981304000100
34625698000152
34865146000111
35959751000114
36201173000115
31088425000128
36668603000103
16884335000230
37430319000167
37268056000131
37764884000160
37804443000145
38074253000182
38374579000125
39227336000127
39394303000171
39422495000182
39828292000190
06028137000483
26937176000168
40315497000151
40365681000106
41230162000101
41426788000180
41448145000137
42444870000108
42742573000130
42910092000197
10539954000716
43594551000133
30133726000163
38259748000186
27801602000102
09105835000261
37234012000190
32416864000185
44447201000107
44875316000100
45010427000109
45757155000105
46137612000121
46552705000112
46570157000153
46925957000140
47047225000167
47269678000138
47290501000113
47320567000109
47887481000162
48276761000105
48338390000130
48510793000115
17026708000203
47218871000220
49115519000104
49348355000165
13048957000230
49999587000183
50157044000106
50529184000150
14458149000395
51281655000116
51583969000173
51712592000105
50138546000181
52018817000190
52875203000125
52691936000100
53561088000187
54065238000124
54104242000154
54782780000106
54808865000108
55437831000117
55522183000105
56432000000115
11395850000314
58711049000132
23813386000237
41771675000383
60202221000174
60805613000128
60998122000140
61032677000104
61725188000120
60180029000124
50048829000132
80044555000255
63001529000140
64167079000203
65532110000140
66161033000121
66426970000161
66501072000120
66605622000151
66660435000170
03524249000194
03777597000173
03842616000106
05515873000150
03946189000106
04504100000297
05944604000533
02513582000135
07420285000169
04345762000180
06042641000195
06086533000114
06133679000173
02781662000171
02792964000145
56089576000121
06231529000100
06331320000100
06926016000106
04765563000121
39398185000170
04931494000189
07113364000127
07142012000108
07208730000121
01624546000186
80044555000174
61817664000132
81219255000141
25676149000116
65482309000100
70158803000154
07505590000153
07565391000130
07149505000161
06269451000105
07942715000102
01299509000140
06145976000139
06190063000134
86847894000175
07552997000131
02917792000199
50382688000190
07369213000134
92037480000183
07897274000174
06025185000175
38065454000113
08232710000159
08753814000109
08163940000103
09015683000125
08982540000120
09117727000128
09209970000176
09223113000120
09308089000122
09363647000152
10298038000146
10460674000122
10668090000147
10814203000175
10888866000134
10743450000128
11088993000111
11040496000143
11369713000143
11496097000191
11708510000134
11726439000112
11959352000195
12750927000128
12865208000152
12981786000154
13235995000111
13480805000121
13649828000117
14100335000196
14116637000152
14289028000103
14797103000139
14982027000131
10488030000142
10785602000155
20446618000197
12361405000134
21038379000107
13676383000164
15527709000117
15729051000126
15762652000130
16704598000130
08598160000196
16793294000196
17181836000132
17737428000114
18090006000162
18224182000140
09125130000125
15324776000134
18600758000126
18884120000164
19091822000153
19879187000173
33060302009675
22602448000118
23522255000110
22844101000181
23759008000131
24595557000180
17135653000180
23485875000126
22968368000180
25132620000105
19379237000153
00398022000313
08964813000103
09074260000186
14892201000155
17634248000107
10651042000146
14193416000188
22392045000191
26092001000105
26984213000199
27476124000102
27644873000193
27899720000197
28079818000160
28235164000117
28671167000101
28870874000119
29003822000108
29230226000160
29800097000107
30798049000100
30855802000144
31610011000117
32297188000178
27462540000143
32392949000170
04238951001045
32743252000105
33076719000165
33190250000190
33269742000176
34643954000134
35336708000100
35541779000137
37020953000121
37088050000182
37129133000172
37306508000122
29308334000109
37915668000179
38007528000165
59269654000672
38412355000160
01318721000298
33899875000126
39914479000107
40127160000110
40392903000180
26383168000117
24980342000264
41058588000111
41553791000164
41794219000197
41932099000147
42427373000193
42609762000130
42876496000101
43073461000105
38169209000156
31216809000189
27202635000128
38236445000148
27083004000137
39960807000101
40070905000152
43468591000139
27363260000188
33192178000130
29212342000157
44648513000189
44668021000155
45544690000188
46502335000109
46536275000145
47598908000102
47961025000204
49168494000107
49820909000185
05944604000614
50562870000122
50719030000120
51051417000114
51222201000174
51742636000140
46218314000166
52085510000102
52353746000182
52649528000190
52649549000105
52873043000185
05743288000450
06269451000458
53538196000139
53546924000154
05743288000531
54045181000100
54369211000125
54419133000126
22426666000300
55113163000172
55937029000196
56423482000147
56916771000188
57261603000164
57372130000172
57516989000108
52795852000116
58307010000154
58420866000131
39960807000292
59671690000153
59707069000100
10515403000550
61854049000104
48218193000188
56008236000129
52590982000112
62136878000106
62330167000178
05741680000622
62729010000110
62994426000165
63652118000114
64167079000122
64288379000160
65449091000192
62230502000247
65708840000159
21500422000600
66332274000196
66400416000105
66598890000193
