03371293000101
00542914000184
04196909000118
00909442000155
05950586000179
74640822000173
75336982000196
06983653000114
07009797000137
07026113000105
07071549000116
01518077000110
07167204000160
80075120000197
07287098000159
82524208000174
68564533000130
71797906000127
34658229000130
91897413000176
07678660000175
07029802000173
04962441000125
04939025000106
07819529000180
05216145000148
00785346000142
06032912000121
04812601000150
83116574000157
33339482000168
07735598000106
50252188000133
02398483000150
06313358000150
02336200000145
04125773000155
03372555000152
05268064000191
03805968000183
07275036000127
01803229000127
08283479000122
08665797000158
08782343000167
05950586000250
08944752000112
09449316000130
09620032000164
10334172000155
11042815000150
11633258000141
12234238000160
12434418000196
12444513000170
12502671000130
12887327000106
13123293000146
13513327000109
14016701000123
14583780000154
10363635000107
10889018000140
13054958000107
16713769000197
11099842000169
09022437000109
08594524000160
16897455000191
08285104000100
18361226000183
18650239000172
12752429000114
14278728000194
18467245000270
13284345000247
20862946000174
21128060000164
21186468000192
21287462000101
21559864000118
21928215000147
21975783000107
22053798000172
22060620000159
22465658000101
23044611000137
23197527000153
23612876000194
23621288000117
23352066000146
18341645000153
21197893000187
10819501000158
11487421000105
18474854000175
17891025000125
17497878000187
17064370000195
10015793000176
18037925000172
14900036000136
26590847000167
27126985000152
27603106000136
27923147000100
28380891000178
07582651000267
29753108000137
30022660000134
30901660000104
31885814000184
32140375000143
32579041000170
33086350000171
33434991000170
33645752000169
33997607000147
34089304000199
34607025000170
34923678000168
35788501000169
36455801000199
37248875000117
38008373000181
38822480000149
39449027000100
39780146000132
39863813000140
39950137000142
40463714000150
41420574000104
41937506000109
41929476000199
42502395000170
38014366000354
42707951000145
42973431000184
43015410000119
43261180000178
43582129000168
43724923000107
43759376000197
31276118000170
34535396000193
30744138000166
43141488000180
36425752000141
39695423000109
27982528000160
28662472000129
43922320000101
44511842000183
44635924000130
45037921000167
45312601000178
45374161000183
46767255000185
45999399000102
48410331000126
48588980000111
48902723000102
48922036000159
49292890000141
49667259000180
49895237000177
50376692000145
51658879000102
51837452000163
51884056000197
51946125000140
52205276000100
17403043000544
48711221000102
52781306000126
53062339000189
53109693000111
53553901000177
53667738000173
53846083000109
54693381000160
54770897000161
55703018000141
56007828000126
56903705000173
57091178000102
57739249000130
57886503000123
58082758000104
58095327000174
58210703000124
58361731000142
43531603000203
58916870000195
59019879000166
59260305000185
59394637000152
59552029000129
10205047000498
60405550000112
10819501000409
04771832000243
54307472000200
61678138000139
53570587000130
59183508000115
55273545000163
62555936000136
62812319000179
62849467000168
63305059000108
54502768000354
47601725000280
40980912000272
51582314000261
64537003000141
64604619000198
64932149000191
64951240000154
65124651000139
49682042000220
65577620000133
65998508000176
66255392000148
66307345000109
66601102000170
03355557000133
93144970000141
94047438000179
05344923000184
00389295000130
03824814000139
02265839000187
04210942000155
05942640000134
04405259000173
04425250000124
06122036000124
56802457000174
01433761000108
07141430000172
07161520000125
24523961000149
07351051000107
07382411000138
82123324000181
64380538000151
87952123000100
68386143000117
69203560000140
70055702000158
53649976000156
07457121000106
07790450000174
84505288000146
05042103000138
05286114000163
02019631000188
96651518000164
05535574000188
02362237000148
00869175000130
01555446000145
01627879000169
07301479000145
08055669000192
05482549000183
05523508000198
07062502000196
01746814000132
04703846000149
08362374000169
08585955000160
09558575000107
10405398000108
10233269000171
10266672000105
10471299000116
10606722000148
11198486000130
11408983000116
11534441000190
12401331000112
13181164000104
13284345000166
13407953000110
13839314000124
97521775000144
80474380000305
14104131000123
14537967000111
14617028000187
09440945000107
15228849000194
09658085000174
02212750000233
15710926000148
15791597000107
16525162000183
08219320000149
17220762000104
17296553000136
17672977000158
17881843000147
11797840000143
15696687000119
19104182000179
19211370000104
21080792000121
22765099000155
23313073000139
24118058000100
24425285000170
23781302000140
15160200000189
08511968000194
14335524000148
10774094000100
09073223000153
23850708000137
17467682000140
09565022000173
16730654000100
20729071000137
09434888000145
08906228000157
12061050000168
11491071000150
10947936000188
26642667000181
26937676000108
27056651000150
27102253000122
27185861000148
27584326000160
28078091000105
28896712000150
28925082000102
29254387000194
30443423000147
30978534000158
31470431000145
33866188000104
34143088000112
34178170000182
18322928000239
34326808000185
34600354000199
32134737000193
36104876000125
36788575000168
37311249000128
37743258000198
26606410000174
39167199000182
39417086000198
39434084000107
39523586000104
39655344000174
39818280000185
39983959000120
40072236000158
40177785000197
07692490000345
40615092000139
41158014000115
41418046000102
34820207000124
40866821000120
42479416000184
42897494000107
43739989000162
37982003000188
38292423000103
39967561000108
26180605000103
39580004000121
41862759000160
40023278000107
43945860000100
44224385000146
45214243000160
45219152000118
46337958000173
47416271000196
47446102000107
48607594000120
48960061000127
49120083000141
49175483000154
49785514000199
45238337000170
39367054000206
51852348000148
51864226000171
03490092000395
52601463000102
53013921000155
53041287000164
53757354000141
34315511000203
32579041000332
54811166000117
54859956000172
45937784000117
00246704000572
10205047000307
55723426000165
34143315000290
54502768000273
56917150000119
57047186000151
57245639000154
57460838000185
57955325000145
58388553000143
55603640000188
59224372000144
59550971000158
52900052000207
60970376000150
61051433000160
61289034000132
61332446000108
61479083000138
52132346000147
51739725000137
62080391000159
62202471000130
62675789000138
62741490000134
63021361000134
63117098000181
31541852000209
63786593000183
63837492000194
40980912000353
63916846000196
64371074000117
64377622000116
64752599000100
46736937000201
03599242000646
65929321000110
64568387000160
66038302000167
07849867000246
60970376000231
66681745000171
00109966000161
05123626000109
05242625000183
05521155000197
00789887000149
02487632000157
02583812000132
04404401000168
01081320000186
01104491000183
04518152000131
06928452000114
07152993000166
07209404000139
07844005000140
83673913000104
88760756000180
07900812000132
08047951000128
07029802000254
07899137000179
58411026000102
07060679000153
24424970000182
05300012000155
00974036000176
03051946000175
56253057000157
07304339000120
05003287000127
01663585000192
08421085000193
09186110000164
09260881000154
04066191000226
09441131000189
10315841000141
10227788000127
10513390000157
20305494000120
11477637000190
11568886000190
11778384000194
11873922000120
12278561000136
09272516000160
13720548000158
13733991000163
14121504000174
05950586000330
09625953000110
11105697000181
15443121000185
17014993000153
12695192000187
17773546000188
18010216000101
18040004000169
08584956000190
08825464000149
12544574000100
19390802000183
19768809000196
01191823000376
21208337000169
21354446000194
21381970000154
22339045000128
23236501000177
39004346000284
23411616000150
23981652000150
23985362000184
24001472000127
25269618000182
19023843000131
20051503000101
12568073000163
20453315000100
20627559000153
17142952000142
14744896000128
15514237000168
26473641000157
27323848000108
31808592000104
32066423000109
32291590000145
33018514000123
33239238000123
33831762000199
34080419000112
34142037000176
34222613000195
35156385000165
35815193000113
36399278000120
36833324000158
36838591000118
38155527000168
38426213000152
38428465000110
39367054000125
39467034000126
07692490000264
40389618000100
40540594000148
52537578000428
36286398000111
41904819000160
42997739000160
43370597000179
39601092000109
30652682000188
40912108000175
43667603000154
39532711000142
37509847000106
37979245000112
29685000000154
03599242000301
34798238000126
44359684000198
44610229000113
45092147000197
45245345000143
46009168000169
46097800000173
46463802000139
53550612000203
46717081000146
47117164000167
47325064000126
47633023000105
47769212000100
48416379000141
10644881000480
48651910000160
48974892000158
49136570000100
50068739000103
10628798000689
50394028000129
50413845000187
50740647000128
50855700000136
50880379000140
49875452000106
51729683000153
52275409000114
52443228000150
52849720000120
52994177000154
53158840000143
07582651000429
54042928000168
54116040000122
54209017000182
54431364000155
54502768000192
54171577000276
55469776000147
32579041000413
45707013000133
56171459000102
56504650000129
58255112000173
58534318000132
51952797000320
54179410000170
59790706000147
59905106000187
59937644000153
60043442000147
60104263000172
60364816000126
11211031000299
60675225000170
49509059000107
61108868000102
61371524000183
61341413000124
44765624000175
49120428000167
54673138000180
62233343000153
62445615000189
35069173000221
62423631000170
63568345000166
13181164000880
63774175000176
63783494000148
08362374000240
46736937000392
65619161000103
24525779000208
65862945000168
63703119000140
65998747000126
66147332000101
04970037000101
01751039000103
03416270000176
05083920000134
00223664000110
03573663000193
01986335000193
05518078000116
02048443000269
05721653000183
05814438000127
00887483000198
04294718000199
00959521000170
06140699000171
55285407000102
55772958000192
73912677000170
01191823000104
02830497000109
76062827000191
58499609000137
07086169000155
07349979000157
85057339000187
66753609000140
53550612000114
03550916000103
15279532000187
03795211000156
04559539000136
66554619000156
00471085000196
73814907000168
05811462000102
02531950000178
85159556000188
04902562000181
08364940000171
09061488000131
20267796000150
10587007000105
11060238000129
11274455000111
11313534000194
12100356000186
20328024000181
12188575000169
04932236000460
12488109000107
13375188000102
13614305000135
13788527000174
11593650000295
20386906000101
97552236000172
14085711000110
14829646000190
08504221000109
12126445000100
16554765000103
16798580000144
16889638000165
17050051000120
17052284000162
18187319000133
12529325000145
14014415000129
20489213000136
18810394000109
18934020000103
18974122000144
19436615000193
20218583000139
21584312000160
21997498000189
13181164000457
23603803000136
23696017000120
24385377000174
17403043000200
24873723000163
24910300000176
24189116000189
15135496000188
22166257000150
11120825000166
26313409000151
27863449000130
28241219000100
28340828000108
00246704000220
29930638000103
74631466000555
31367138000157
32204121000141
32410114000104
33393326000185
34143315000100
34447636000106
34735711000126
34623794000161
34804178000107
35341938000150
35484919000182
35998283000197
34804178000298
37058212000130
32885718000107
28462973000242
37319906000183
37981657000197
38009846000165
34001491000107
39311227000193
40270957000172
40443266000123
40708670000181
41196343000150
41290342000170
41734270000103
37764575000190
42343870000103
43143240000158
43204773000100
43232993000130
43531669000112
43584702000172
36441617000190
13181164000619
03572470000207
42272883000139
40750263000132
31158052000114
32769144000101
43847658000146
44470081000169
37916175000315
45466569000185
46401933000191
46842189000160
46955153000193
47131074000120
47776122000138
48278922000191
48365793000179
07845229000257
09449316000210
50465783000157
49332297000262
50850438000137
51242926000124
51427113000109
71549570000264
51604766000116
51846980000189
52068294000197
52574139000142
22023611000279
53403776000119
53750738000132
53793794000154
54046360000153
33803174000494
55407851000145
55508843000195
10205047000226
55854094000158
57114945000151
57729334000118
58755602000139
59078604000101
59090908000186
59157551000106
59472592000197
59513162000176
59876598000120
60164094000166
40750263000213
60975960000107
60986609000103
61803066000104
61839405000102
62208543000156
62386616000108
62397128000198
17296553000306
21287462000292
63030434000154
14126640000238
63647059000196
30460708000439
62809194000128
64106061000110
64411949000167
24802149000314
64608605000142
64685883000101
65485283000154
32908977000289
66190153000157
12126445000363
63552503000190
66683281000132
07396964000140
00056102000129
07416602000173
03445916000143
94622651000167
05287805000181
05735970000159
05759637000180
02413111000155
06094127000101
04601301000121
06282868000108
74631466000121
40167041000191
04907789000110
25473356000173
34662106000172
07979959000160
06076416000170
02486477000154
05916717000100
82304932000192
07895134000167
04101523000185
02535601000124
27746049000144
01022236000191
08658049000148
82899378000133
07188752000177
66498056000126
01769881000172
08355633000124
08599776000181
09128131000123
09262434000134
09323993000107
09490073000183
09651918000175
10644881000137
10674738000198
10712444000103
11348868000101
11506559000104
11593650000104
09558575000280
12119310000109
12244666000174
20333834000126
12763720000198
13046101000145
13977131000256
14667662000124
14669925000134
15096700000107
15271835000153
78563343000232
10218130000159
02690589000203
15555379000173
15699361000145
16513579000126
16773689000127
17909637000106
09636615000183
11348890000143
11754951000172
14169922000131
10386693000156
19300502000166
20193492000196
20686619000109
22652511000120
07897833000227
22835172000118
23093225000135
23246137000126
24129428000105
22227874000119
16403809000102
18479013000150
11410083000103
21827895000102
22949709000170
12874019000146
26628805000178
26744984000109
27601122000190
28108414000158
28443962000134
28462973000161
29071483000105
74631466000202
31012147000125
31030732000158
32482031000112
32874009000118
33165688000119
33850904000165
34041734000130
34539860000110
33667246000170
35473177000190
35587953000182
37285174000158
39623670000108
39654921000103
39827812000140
39831879000159
40839617000110
40945277000101
37930525000136
42026376000115
42468894000199
42813769000179
43349485000136
43751548000186
39562589000157
32146871000104
41484960000151
41664379000111
44703446000158
45129410000175
45179832000155
45453146000120
46317505000185
46875692000112
46736937000120
47254698000135
47343123000199
47459224000120
47586437000112
47802797000104
48427167000160
48478379000176
28832846000298
48984928000184
49198505000100
45704596000220
49723942000197
49746108000117
49956348000146
50046559000120
50537514000159
50721538000163
51542988000151
51952797000168
44065203000131
47271456000150
03490092000476
36704890000240
56378706000570
53372250000119
21186468000273
53668910000103
54393991000149
13968952000498
54695058000126
54759115000193
54949421000192
55171702000120
55420649000153
55531614000191
55573797000108
55971081000169
57260410000199
57511988000170
26937676000361
57940204000120
57998623000112
59589881000170
30969524000237
60018907000100
60694753000176
97521775000225
60746402000161
61011527000106
61084916000161
61189842000128
61386237000147
45309409000122
10215056000389
61513191000180
61040360000101
38650444000307
61959370000145
62280381000167
62334868000185
62397552000132
62472970000147
63524523000157
63592139000191
63413021000159
03319974000120
03393665000109
03479517000101
02048443000188
00363324000275
00527871000168
04020078000129
05915687000109
02543285000132
02647182000112
01167420000120
07849867000165
57936452000105
76790542000177
07035008000132
59222661000104
07653639000115
07104507000134
04979933000123
07441084000148
07936288000150
06888884000149
02493764000191
22766075000110
66730078000170
08258088000158
08378574000100
53176285000263
08838378000170
08959806000113
10296826000101
09208397000186
10237317000108
10489685000135
10562282000174
11211031000108
11695398000144
07022976000295
12552722000138
13968048000130
15262172000100
16576042000105
12020358000165
29049459000323
13181164000295
17423361000143
17476644000153
14112563000186
18308989000160
18335541000136
00542914000346
15447090000211
01191823000295
15447090000300
19366056000192
19496881000101
20131503000103
21565790000122
21867399000182
12911519000453
22337482000102
23496800000140
23995874000121
24389802000101
24654484000150
25248026000184
25314854000173
25344249000145
12092968000174
11466970000101
14551470000239
12033496000189
10788494000174
20866196000109
19238775000128
17660634000173
22414880000185
08925903000195
09032448000161
12461813000320
26606992000199
26608531000155
27796426000150
28453339000162
28992100000160
29405338000105
29646653000124
30942901000163
32370396000155
03599242000484
33803174000141
34000151000161
34257351000102
35381357000141
35430798000196
36391546000168
36681169000100
12695192000268
37271803000190
37554905000113
37633394000125
37707260000101
37840171000139
21577962000269
38014366000273
31885814000265
40021223000150
40599997000162
31382670000143
41055213000106
33803174000222
41167934000108
41341980000173
41603361000100
41719318000104
18934020000286
41903509000121
42095189000193
42258516000180
29883060000262
42566290000185
42991613000188
32518495000131
43614223000151
29357521000182
42201985000163
37629915000170
42743129000130
34315511000114
74631466000636
45590738000194
45708152000181
45813689000101
46224122000162
46421587000103
45488690000108
46878620000129
47019442000143
47166253000101
47366277000104
49332297000181
49796192000183
50364739000150
50373967000197
50721487000170
51379838000179
35696650000289
03599242000565
51952797000249
52868836000106
51658879000285
54048298000139
54123118000136
54540477000199
55718687000197
55752623000102
42093844000255
57036118000197
57178889000119
55772613000139
37743258000279
58177065000197
55285407000528
59845327000107
10644881000560
60158725000134
60547915000143
60891315000106
60932735000185
61058290000119
61446294000174
43086367000263
61685355000156
61722701000129
61754508000170
61888310000189
62477311000101
62678986000100
62987851000127
63211153000106
59183508000204
00246704000653
63442058000105
63738747000161
63792381000109
63829583000188
55635721000240
64470592000198
64785373000106
64983207000106
65452327000140
65505958000180
65776879000103
65987964000110
66297610000107
66490548000175
66612788000103
04965280000123
05004420000160
03572470000118
03697928000165
03709708000104
02189889000122
02407308000181
05677843000221
04198213000120
02503499000185
02507212000195
06970373000171
30458327000172
32351934000164
90687203000190
07737854000102
07753257000163
05460431000154
07043350000184
05143585000112
00335298000190
00828431000140
06888957000100
03173509000124
03490092000123
81060923000130
31433766000193
84448208000168
08365688000115
09146315000116
09384902000143
10314112000170
10509934000107
10582628000104
11108678000109
11136647000161
11973793000141
12158972000198
12677198000121
13329528000150
13538985000155
97526952000185
14051540000109
14166782000148
14444454000166
15033268000105
08796669000143
15567448000169
15744978000135
13323516000119
10434573000187
09439689000120
11802777000196
17132426000100
17151990000161
18929558000111
19240793000144
19569463000105
20041275000180
21094301000100
21840717000111
15447090000564
22546158000102
23047424000107
23147758000152
02543285000213
24525779000127
24691785000154
24858310000100
25118039000139
25405913000119
22338632000100
14551470000158
03562381000603
19194325000180
09588279000140
09266012000137
11443386000122
18419378000190
11135805000169
14126640000157
23526610000129
25125371000120
27140071000146
13181164000538
14667662000205
27613079000182
10446909000202
27274464000142
07431724000309
29028224000193
30571304000170
32891942000101
33491840000153
33497234000145
34069903000140
34233811000154
10233269000414
35136930000151
35773931000107
08080353000231
37656995000153
37916175000153
39357625000140
39498095000150
40420033000105
40608647000115
41038940000157
33787566000164
26011116000110
30481983000196
41522082000111
21330807000243
42694713000142
33803174000303
43086367000182
43258278000176
43278237000141
43443502000108
43531603000122
43560297000152
43664619000103
42773100000109
37607963000168
56378706000308
35445057000189
39448986000100
43467418000116
72151269000503
44546192000101
44610934000110
44848545000128
45431757000178
27462685000306
45988437000113
46051786000177
46563935000187
46571698000104
46854701000199
47342323000127
47695295000121
47645306000169
45843757000266
48669458000164
48896099000188
49614064000171
43261180000330
50810322000174
50989421000165
07692490000507
51336190000153
51485991000180
51578126000189
51723986000169
14461122000270
52168859000108
52428333000110
52604282000130
07692490000698
53200951000170
53377465000122
53708559000137
54418417000106
54461516000162
54495143000140
54555932000120
55589143000172
55784869000166
55786690000148
56261945000111
51052118000102
12126445000282
57643052000101
37916175000587
57633967000128
57878657000173
58086680000198
59139950000144
59201589000139
60116510000150
24802149000233
60426265000188
60738479000190
55918714000175
20729071000218
51852068000130
57395373000126
10644881000641
55909224000102
46511585000105
62747145000108
63161744000108
59157551000297
63587623000122
39579399000223
65662354000147
60408257000290
65931726000193
66297973000142
66439497000157
66627401000184
05522899000126
03896855000130
01059552000138
56378706000146
04727312000152
04771832000162
06942518000120
22139372000136
01530003000108
03205916000176
07178697000134
62607676000103
45922747000135
72639040000199
07555625000169
08013809000160
06912021000160
07312901000168
04288918000139
07020730000101
06185225000146
03416137000110
02303765000126
39004346000101
68706308000190
06969583000140
01716548000103
04546009000153
33156860000178
01364231000147
07575242000152
05538557000102
08473636000162
08546634000156
08664043000183
08960737000168
09097316000118
09108125000104
09139979000158
20242039000122
10359236000172
10494892000188
10733066000144
10871124000104
11437460000106
12093249000178
12515564000146
12815857000149
13215973000190
13244562000122
13584176000180
14465706000133
14827688000192
15123401000106
15273602000190
15395580000130
08608802000190
09477083000189
10744327000121
12461813000168
13046101000226
16805449000167
17468442000160
18526349000127
18787924000145
18893962000182
18941588000143
19306791000100
19166853000126
21330807000162
21505733000158
21851188000151
22110986000195
23213760000182
23316725000199
23662720000118
23118726000129
13311666000102
10486349000139
09347310000151
16665620000180
23235507000120
08184484000188
08386174000146
26202534000194
26243906000120
26723427000101
27030176000142
27472690000138
28461792000110
29026203000139
31555126000156
31761822000119
32908977000106
33243633000180
35050000000180
35696650000106
36136993000170
36494725000120
36704890000160
37293215000158
38014366000192
38408304000165
39830448000178
27379581000251
26937676000280
40947348000105
41305407000104
41788102000109
41949882000113
37366888000190
29883060000181
31894625000178
32061737000100
42289807000136
42383271000113
42551602000187
42633780000157
42687139000103
23731357000226
42898944000178
43291941000134
34117157000113
39326985000185
37228122000140
32325760000165
33183684000163
35047701000160
39867177000125
35732500000100
43421699000176
44359022000118
44916189000132
45096821000101
45497272000187
45564441000154
45704596000149
01191823000457
46308147000144
46513972000180
47034710000104
03205916000257
47367986000104
47858522000192
48051877000138
48279075000180
43443502000280
48923176000141
49217100000163
49643882000100
49951942000144
50161403000190
50919122000154
50985362000157
51037053000118
51062976000120
51637732000128
48534067000132
52868789000109
39623670000280
52958250000132
52969303000110
53075212000102
53303812000172
53631805000108
51223609000160
53821546000170
54382864000144
54708499000115
54793036000107
56165722000150
56302726000133
38650444000498
56875877000180
56914892000190
57689749000105
52080771000130
58484367000108
58876784000104
37916175000668
58985062000180
59855868000116
57593181000124
60322820000121
60389985000110
60615383000134
60835677000171
61334008000189
61701049000166
61230570000162
46278144000105
53824186000160
57045537000195
47249103000153
62091592000151
63338914000187
62576499000137
65609249000144
66295465000125
48195370000239
62965169000133
66632080000106
01716346000153
05132193000158
05347433000131
05426939000136
02309315000140
00700813000194
02339683000131
04295467000167
02952049000170
07022976000104
03293747000173
68252667000115
15320617000161
07700504000163
07781641000170
07854328000114
08107662000177
06298197000173
05021434000191
02563212000102
07263707000130
07541182000157
30149777000183
00517551000127
67301424000167
07582651000186
04001307000168
06082470000128
01167457000158
07981320000119
09065850000142
09349274000165
09505179000103
09538894000142
10430169000135
10260748000187
20289619000175
11001688000140
11109115000135
11593855000190
12493089000154
12824185000138
13037076000133
13474927000105
13485442000117
13539071000109
14363643000104
10919083000170
11337199000164
15465199000109
16382332000118
16880589000108
17207691000100
17552641000151
17950714000163
18152290000154
17073762000110
00542914000265
15447090000483
15668632000286
20112871000104
21902264000100
24450839000190
24511702000106
24551471000156
25052889000181
88889290000460
05876944000302
08858537000107
23180976000199
14453277000184
12964930000144
19535271000170
18993596000133
15168182000181
10205047000145
23595360000189
08943077000107
18612637000102
26131140000192
26234561000149
16897455000272
26452073000108
27463623000157
26967413000133
31541852000110
31824878000175
32180470000170
07582651000348
16403809000285
33567804000126
33852345000122
33574024000103
25113467000250
35069173000140
35141098000181
36524217000148
36588013000170
37293825000151
37929607000160
37965603000138
38661515000105
39297518000174
39468457000160
39252516000169
32531255000177
40707870000110
41594007000166
41722937000158
35150067000197
27203547000140
42130356000190
42294518000125
41937506000290
42603721000136
42750854000135
42893786000163
43081606000101
43180805000177
43228761000108
43287532000164
43389648000104
43613763000110
37112626000108
35308322000187
34277267000142
28797378000187
26686818000101
41743652000101
44001273000126
44540488000115
44586061000158
44832886000105
45105109000121
45442536000103
44703446000239
45890116000181
46219654000101
47145445000123
05518078000469
47601725000107
48060605000102
48066714000129
49304239000144
44041719000146
37916175000404
49866472000110
51562206000146
51563755000135
51564962000104
09434888000226
04559539000217
38650444000226
52625931000189
46593416000161
52893390000170
53083337000176
53214794000152
53315606000182
53456609000136
53561711000100
54251165000165
54518630000181
54583424000155
54583424000236
55109429000103
55172600000129
55193173000165
55304435000111
55635721000160
55978785000163
74640822000254
57057194000189
57166864000103
46097800000254
57465210000172
57896534000165
59676231000162
60050694000101
60056236000171
60505437000109
60588932000129
60899791000165
60967746000109
60998029000136
61272570000125
61570791000180
61798556000160
56704842000189
62629857000122
63328027000128
03205916000338
64969592000137
65518645000166
65987040000114
66668230000131
00015902000100
05136763000188
05189129000103
96331657000100
03657755000151
05368549000157
00434967000181
05638995000134
00725400000164
00902788000121
06013026000150
01068586000199
06128992000113
04615100000183
02926154000134
71212310000118
23028541000123
25887175000193
84513977000100
14509194000160
71549570000183
07563510000116
07841472000116
02214837000169
05876944000140
06306659000157
29823721000183
86728094000135
68255215000197
08042249000171
02820573000197
29049459000161
03955684000173
03599242000131
05980114000169
10847135000140
08594482000167
08832709000165
09139969000112
09140298000100
09213867000108
09341309000110
10435468000162
10678755000101
10747077000183
10958596000190
20293036000118
11224749000139
11262230000145
20311109000157
11985931000102
12598175000121
12817518000100
14097204000105
14461122000190
10819501000239
15054222000164
15356665000100
10446909000121
10604232000102
12063140000198
97542019000100
15447090000130
15668632000103
16821533000174
17088814000122
17251859000176
17376358000116
17994424000111
18075562000160
10553473000170
11246462000100
18322928000158
18547540000155
02707856000399
19300809000167
19406433000170
19561251000173
20616718000114
20815146000100
78815628000213
23197933000116
23430538000131
23731357000145
12461813000249
23774266000197
23785950000174
23985677000121
24451642000175
24502763000107
01518077000382
25321380000197
15739723000184
24690972000113
14465706000214
13471801000187
24931430000195
17271013000106
26615320000140
26705096000187
27268759000106
27450455000165
27544383000115
27597027000160
29673666000192
29920864000103
29975451000126
30217755000103
30437335000132
31203269000107
31380597000170
31900498000172
32074624000140
32158194000144
26011116000209
32278662000114
03490092000204
33188941000150
33804096000108
34859588000155
35443769000169
36264963000140
36989096000100
37199523000119
37474916000193
37946963000192
38081456000104
38262791000109
39820593000178
40070604000129
40980912000191
41572385000149
42089457000164
42584956000128
43484367000130
37930392000106
33152110000128
31783170000113
28832846000107
44368070000172
44480107000150
44750502000105
46197191000124
46787419000136
47193383000125
43261180000259
48130277000165
48195370000158
48939886000160
49144349000196
49267356000185
49572646000132
28832846000379
49879274000191
44107306000206
51730100000104
51779232000120
51826710000106
30460708000358
52232176000172
52323491000105
52537820000110
52834653000170
52900052000118
52919215000104
53131829000190
26185155000214
53472060000173
54047137000120
54442200000123
55285407000447
54700791000191
54734791000102
54747362000170
54950007000101
55394734000194
38014366000435
55469315000174
56004918000163
39523586000295
56073546000127
56153581000156
56160851000156
56174795000109
57010601000100
46760552000107
57609145000101
57615572000100
58356517000106
58997482000186
59322839000199
14076040000202
60158724000190
60179811000123
60751607000135
47166253000284
61160310000168
61332699000181
61429179000191
61490630000186
51289949000194
58938553000170
62077983000111
62427165000100
44511842000264
63223798000150
56302726000214
63435584000148
65354509000188
65598896000106
